300 1746
1 236
1 258
1 176
1 139
1 39
1 100
1 46
1 21
2 68
2 88
2 221
2 152
2 105
2 156
2 9
2 98
2 229
3 230
3 245
3 265
3 224
3 104
3 220
3 183
3 81
4 34
4 142
4 289
4 263
4 234
4 209
4 37
4 128
4 154
4 28
4 56
4 174
4 195
4 197
4 205
4 54
4 116
4 94
4 261
5 97
5 82
5 225
5 285
5 250
5 127
5 62
5 166
5 187
5 281
5 204
5 182
5 201
6 231
6 271
6 246
6 126
6 203
6 155
7 131
7 177
7 83
7 80
7 194
7 43
7 213
7 87
7 12
7 256
7 207
7 58
7 277
8 259
8 10
8 264
8 271
8 103
8 254
8 216
8 249
8 29
8 126
8 119
8 228
9 221
9 115
9 256
9 156
9 98
9 96
9 237
9 290
9 125
9 117
9 129
10 226
10 214
10 157
10 264
10 103
10 254
10 216
10 215
10 29
10 119
10 228
10 292
11 185
11 192
11 274
11 53
11 55
11 294
11 113
12 131
12 194
12 43
12 207
12 277
13 149
13 267
13 108
13 23
13 92
13 283
13 262
13 268
13 295
13 218
13 190
13 70
13 48
14 206
14 287
14 173
14 146
14 179
14 180
14 208
14 30
14 172
15 33
15 65
15 210
15 69
15 293
15 27
15 252
15 239
15 257
15 191
15 40
15 230
15 78
15 165
15 159
16 42
16 275
16 238
16 106
16 133
16 141
16 45
16 171
16 59
16 242
16 74
16 244
16 235
17 225
17 285
17 250
17 166
17 34
17 142
17 289
17 281
17 263
17 84
17 37
18 98
18 229
18 138
18 117
18 45
18 243
18 244
18 184
18 35
19 78
19 165
19 76
19 284
19 279
19 300
19 86
19 107
19 49
19 145
19 273
20 167
20 63
20 282
20 112
20 23
20 92
20 283
20 123
20 268
20 222
20 299
20 218
21 258
21 176
21 139
21 39
21 100
21 46
21 22
21 50
21 181
22 176
22 139
22 39
22 100
22 46
22 164
22 50
22 181
22 152
22 105
22 89
22 168
22 42
23 167
23 153
23 149
23 282
23 112
23 108
23 92
23 283
23 262
23 268
23 222
23 299
23 218
24 197
24 205
24 94
24 261
24 179
24 180
24 64
24 208
24 114
24 102
24 57
24 172
25 279
25 300
25 107
25 147
25 198
25 151
25 162
25 97
26 127
26 187
26 130
26 72
27 61
27 67
27 175
27 33
27 65
27 210
27 247
27 252
27 239
27 257
27 78
27 165
27 159
28 34
28 142
28 289
28 263
28 234
28 209
28 37
28 128
28 56
28 174
28 197
28 205
28 54
28 116
28 94
28 261
28 286
28 64
29 264
29 271
29 103
29 254
29 216
29 249
29 126
29 119
29 228
29 203
29 212
29 66
29 47
30 206
30 297
30 73
30 91
30 173
30 132
30 186
30 291
30 146
31 207
31 58
31 277
31 125
31 217
31 120
31 137
32 211
32 233
32 123
32 299
32 144
32 41
33 266
33 188
33 122
33 61
33 67
33 175
33 65
33 210
33 69
33 293
33 252
33 239
34 93
34 296
34 142
34 289
34 99
34 263
34 234
34 209
34 128
34 56
35 243
35 244
35 184
35 240
35 223
35 167
35 153
35 282
36 113
36 276
36 158
36 71
36 76
36 284
36 279
36 300
36 107
37 250
37 166
37 142
37 289
37 281
37 263
37 201
37 84
37 128
37 111
37 154
37 110
37 195
37 287
37 197
37 94
38 255
38 190
38 48
38 99
38 214
38 234
38 209
38 199
38 157
38 200
38 241
38 56
38 174
38 169
39 236
39 258
39 176
39 139
39 100
39 46
39 50
39 181
40 293
40 141
40 252
40 239
40 171
40 191
40 230
40 165
40 159
40 245
40 265
40 86
41 233
41 144
41 52
42 50
42 181
42 152
42 105
42 89
42 168
42 275
42 238
42 229
42 133
42 45
43 131
43 83
43 80
43 194
43 207
44 241
44 103
44 215
44 118
44 119
44 292
44 143
44 90
44 253
45 275
45 238
45 229
45 133
45 138
45 243
45 242
45 74
45 244
46 236
46 176
46 139
46 100
46 50
46 181
46 140
47 119
47 228
47 292
47 212
47 66
47 90
47 253
48 283
48 262
48 295
48 218
48 255
48 190
48 70
48 226
48 214
48 157
49 284
49 300
49 86
49 107
49 145
49 198
49 273
49 97
50 176
50 139
50 164
50 68
50 181
50 152
50 105
50 89
50 168
51 127
51 62
51 187
51 281
51 204
51 182
51 201
51 84
51 72
51 202
51 111
51 136
51 280
51 110
51 206
51 287
51 73
51 91
51 173
51 291
51 146
52 144
52 231
52 246
53 192
53 274
53 122
53 55
53 175
54 234
54 209
54 128
54 56
54 174
54 169
54 205
54 116
54 261
54 286
54 64
54 232
54 102
54 57
55 185
55 274
55 294
55 113
56 289
56 99
56 234
56 209
56 199
56 128
56 200
56 174
56 169
56 205
56 116
56 261
56 286
56 64
56 232
57 205
57 116
57 94
57 261
57 286
57 64
57 232
57 114
57 102
58 87
58 115
58 256
58 207
58 277
58 96
58 237
58 125
58 129
58 120
59 106
59 133
59 141
59 171
59 230
59 242
59 74
59 244
59 245
59 235
59 224
59 135
60 269
60 298
60 160
61 227
61 101
61 170
61 192
61 188
61 122
61 67
61 175
61 65
61 247
62 82
62 285
62 250
62 127
62 166
62 187
62 281
62 204
62 182
62 201
62 84
62 202
63 184
63 124
63 272
63 240
63 193
63 167
63 148
63 282
63 112
63 92
63 123
64 174
64 205
64 116
64 261
64 286
64 232
64 114
64 102
65 266
65 188
65 67
65 210
65 69
65 293
65 252
65 239
66 216
66 249
66 126
66 119
66 228
66 203
66 212
67 170
67 266
67 140
67 188
67 210
67 69
67 293
68 150
68 270
68 139
68 79
68 164
68 88
68 221
68 152
68 105
69 266
69 140
69 188
69 210
69 293
69 106
69 141
69 239
69 171
69 191
70 267
70 108
70 283
70 262
70 268
70 295
70 218
70 190
70 226
70 214
71 113
71 276
71 158
71 76
71 279
72 127
72 187
72 204
72 130
72 136
72 75
72 297
72 73
72 91
72 132
72 186
72 291
73 204
73 202
73 136
73 280
73 206
73 75
73 297
73 91
73 173
73 132
73 186
73 291
73 146
74 133
74 171
74 242
74 244
74 235
74 223
74 135
75 130
75 136
75 297
75 91
75 132
75 186
75 291
76 276
76 158
76 284
76 279
76 300
76 107
76 147
77 137
77 260
77 161
77 124
77 251
77 85
77 189
77 148
77 109
77 163
78 247
78 252
78 257
78 165
78 159
78 284
78 300
78 86
79 150
79 270
79 95
79 278
79 164
79 88
79 221
80 178
80 278
80 131
80 177
80 83
80 194
80 213
80 87
80 256
80 207
81 104
81 220
81 183
81 134
81 288
81 219
81 93
81 296
82 97
82 225
82 285
82 250
82 127
82 166
83 178
83 278
83 131
83 177
83 194
83 213
83 87
83 256
83 207
84 285
84 250
84 166
84 142
84 281
84 263
84 182
84 201
84 202
84 111
84 154
84 280
84 110
84 195
84 206
84 287
84 197
84 173
85 137
85 260
85 161
85 124
85 251
85 189
85 109
85 163
86 165
86 159
86 265
86 104
86 220
86 145
86 273
87 278
87 177
87 194
87 213
87 221
87 115
87 256
87 207
88 164
88 221
88 152
88 115
88 105
88 156
89 181
89 152
89 140
89 105
89 168
89 275
89 238
89 106
89 133
90 118
90 119
90 228
90 292
90 212
90 143
90 253
91 204
91 182
91 202
91 136
91 280
91 110
91 206
91 287
91 297
91 173
91 132
91 186
91 291
91 146
92 167
92 153
92 282
92 112
92 283
92 268
92 222
92 299
92 218
93 183
93 134
93 288
93 219
93 296
93 295
93 255
93 190
94 128
94 111
94 154
94 110
94 195
94 287
94 197
94 205
94 261
94 179
94 180
94 208
94 114
94 102
94 172
95 178
95 278
95 177
96 115
96 256
96 156
96 98
96 237
96 290
96 125
96 117
96 129
96 120
96 248
97 147
97 198
97 273
97 162
97 285
98 115
98 156
98 237
98 229
98 290
98 138
98 117
98 129
99 255
99 190
99 214
99 234
99 209
99 199
99 157
99 200
99 241
99 174
99 169
100 236
100 176
100 181
100 140
101 196
101 121
101 227
101 170
101 192
101 188
101 122
102 205
102 116
102 261
102 286
102 180
102 232
102 208
102 114
103 226
103 157
103 264
103 254
103 216
103 215
103 118
103 119
103 228
103 292
104 165
104 159
104 265
104 220
104 145
104 273
104 183
104 134
105 164
105 181
105 152
105 168
105 275
105 238
105 229
106 275
106 238
106 210
106 293
106 133
106 141
106 171
106 191
106 230
107 158
107 284
107 279
107 300
107 147
107 198
107 162
108 223
108 135
108 153
108 149
108 282
108 267
108 283
108 219
108 262
108 268
108 295
109 161
109 124
109 251
109 272
109 193
109 189
109 148
109 163
109 211
109 233
110 281
110 263
110 204
110 182
110 201
110 202
110 111
110 154
110 136
110 280
110 195
110 206
110 287
110 197
110 173
110 146
110 179
110 180
111 166
111 281
111 263
111 182
111 201
111 202
111 154
111 280
111 195
111 206
111 287
111 197
111 173
111 179
111 180
112 240
112 193
112 167
112 148
112 282
112 123
112 222
112 299
113 294
113 276
113 158
114 197
114 205
114 261
114 179
114 180
114 208
114 172
115 177
115 213
115 221
115 256
115 156
115 237
116 234
116 209
116 199
116 200
116 174
116 169
116 205
116 261
116 286
116 232
117 156
117 229
117 290
117 138
117 248
117 243
117 184
118 157
118 200
118 241
118 169
118 215
118 292
118 232
118 143
119 264
119 254
119 216
119 228
119 292
119 212
119 253
120 237
120 290
120 125
120 129
120 248
120 137
120 260
120 161
120 124
120 251
121 170
121 266
121 188
122 227
122 192
122 175
122 247
123 211
123 222
123 299
124 129
124 248
124 137
124 260
124 161
124 184
124 251
124 272
124 240
124 193
124 189
124 148
125 237
125 290
125 129
125 248
125 137
125 260
125 161
126 271
126 246
126 216
126 249
126 203
126 155
127 285
127 187
127 204
127 182
128 142
128 289
128 263
128 234
128 209
128 154
128 174
128 195
128 197
128 205
128 261
129 237
129 290
129 248
129 137
129 260
129 161
129 251
130 187
130 297
130 132
130 186
131 194
132 297
132 186
132 291
133 168
133 275
133 238
133 229
133 138
133 171
133 242
133 244
134 220
134 183
134 288
134 296
134 225
135 242
135 244
135 235
135 224
135 223
135 153
135 149
135 267
136 187
136 204
136 182
136 201
136 202
136 280
136 206
136 287
136 297
136 173
136 186
136 291
136 146
137 217
137 248
137 260
137 161
137 251
137 189
138 238
138 229
138 243
138 244
139 258
139 150
139 270
139 176
139 164
140 181
140 266
140 188
140 210
141 210
141 293
141 239
141 171
141 191
141 230
141 245
142 250
142 166
142 289
142 281
142 263
142 234
142 154
143 215
143 286
143 292
143 232
144 211
144 233
145 220
145 273
146 202
146 280
146 206
146 287
146 297
146 173
146 186
146 291
146 172
147 279
147 300
147 198
147 151
147 162
148 260
148 251
148 272
148 240
148 193
148 189
148 167
148 163
149 223
149 153
149 282
149 267
149 283
149 262
150 258
150 270
150 176
150 164
151 198
151 162
152 164
152 181
152 168
152 238
153 244
153 240
153 223
153 167
153 282
153 267
153 283
154 166
154 281
154 263
154 182
154 201
154 202
154 280
154 195
154 206
154 287
154 197
154 173
154 179
154 180
155 203
156 221
156 237
156 229
156 290
157 226
157 214
157 199
157 200
157 241
157 169
157 215
158 276
158 284
158 279
158 300
159 252
159 239
159 257
159 191
159 230
159 165
159 265
159 220
160 269
160 298
160 196
160 227
160 192
161 248
161 260
161 251
161 272
161 189
162 198
163 251
163 189
163 211
163 233
164 258
164 270
164 176
165 252
165 239
165 257
165 191
165 265
166 225
166 285
166 250
166 281
166 263
166 182
166 201
167 184
167 272
167 240
167 193
167 282
168 181
168 275
168 238
169 214
169 234
169 209
169 199
169 200
169 241
169 174
169 215
169 286
169 232
170 196
170 227
170 266
170 188
171 293
171 191
171 230
171 242
171 245
171 235
172 287
172 197
172 173
172 179
172 180
172 208
173 182
173 201
173 202
173 280
173 195
173 206
173 287
173 197
173 291
173 179
173 180
173 208
174 234
174 209
174 199
174 200
174 241
174 205
174 261
174 286
174 232
175 192
175 247
176 258
176 270
177 178
177 278
177 194
177 213
177 221
177 256
178 278
178 194
178 213
179 195
179 206
179 287
179 197
179 180
179 208
180 195
180 287
180 197
180 205
180 208
181 275
181 238
182 285
182 187
182 281
182 204
182 201
182 202
182 280
182 195
182 206
182 287
183 224
183 220
183 288
183 219
183 296
184 248
184 243
184 260
184 272
184 240
184 193
185 298
185 274
186 297
186 291
187 204
187 201
187 202
187 280
188 266
188 210
189 260
189 251
189 272
189 193
189 211
190 267
190 288
190 219
190 262
190 296
190 295
190 255
191 210
191 293
191 252
191 239
191 230
191 245
191 265
192 298
192 196
192 227
192 274
193 248
193 260
193 251
193 272
193 240
194 278
194 213
194 256
194 207
195 281
195 263
195 201
195 202
195 280
195 206
195 287
195 197
195 208
196 298
196 227
197 281
197 263
197 287
197 205
197 208
198 279
198 300
199 214
199 234
199 209
199 200
199 241
199 215
200 214
200 209
200 241
200 215
201 285
201 281
201 263
201 204
201 202
201 280
201 206
201 287
202 281
202 204
202 280
202 206
202 287
203 271
203 249
203 212
204 280
204 206
205 234
205 261
205 286
205 232
206 280
206 287
206 291
207 213
207 256
207 277
208 287
209 289
209 234
209 241
210 266
210 293
210 252
210 239
211 233
212 254
212 216
212 228
212 292
212 253
213 278
213 221
213 256
214 226
214 241
214 215
215 241
215 292
216 264
216 254
216 249
216 228
217 277
218 283
218 262
218 268
218 222
218 299
218 259
218 226
219 267
219 288
219 262
219 296
219 295
219 255
220 265
220 224
220 273
221 278
221 256
222 268
222 299
222 259
223 242
223 244
223 235
223 282
223 267
224 230
224 242
224 245
224 235
224 265
225 273
225 285
225 250
226 259
226 264
227 298
228 264
228 254
228 249
228 292
228 253
229 238
229 243
230 293
230 239
230 245
230 265
231 271
231 246
232 261
232 286
234 289
235 242
235 244
235 245
237 256
237 290
237 248
238 275
239 293
239 252
239 265
240 243
240 272
240 282
242 244
242 245
243 244
245 265
246 271
246 249
247 252
247 276
247 257
248 290
248 260
248 251
248 272
249 271
249 254
250 285
250 289
250 281
250 263
251 260
251 272
252 293
252 257
253 292
254 264
254 292
255 288
255 262
255 296
255 295
257 284
258 270
259 299
259 264
260 290
260 272
261 286
262 267
262 283
262 268
262 295
263 289
263 281
264 292
267 283
267 295
268 282
268 283
268 299
269 298
274 294
276 294
276 284
276 279
276 300
279 284
279 300
280 281
280 287
280 291
281 285
281 287
282 283
284 300
288 296
288 295
291 297
295 296
