300 4521
1 260
1 3
1 119
1 291
1 48
1 26
1 221
1 115
1 181
1 59
1 15
1 140
1 122
1 96
1 95
1 133
1 156
1 72
1 155
1 46
1 92
1 171
1 216
1 212
1 134
1 237
1 249
1 136
1 289
2 266
2 98
2 83
2 208
2 101
2 77
2 276
2 223
2 47
2 76
2 227
2 28
2 175
2 147
2 253
2 186
2 112
2 231
2 158
2 107
2 100
2 121
2 263
2 62
2 113
2 275
2 90
2 61
2 148
2 7
2 217
2 143
2 192
2 52
2 45
2 257
2 19
3 74
3 284
3 267
3 93
3 283
3 260
3 5
3 30
3 119
3 291
3 48
3 26
3 221
3 115
3 181
3 180
3 59
3 15
3 140
3 122
3 96
3 133
3 156
3 72
3 155
3 46
4 295
4 250
4 44
4 12
4 224
4 34
4 102
4 236
4 173
4 226
4 154
4 258
4 82
4 6
4 36
4 251
4 42
4 198
4 58
4 278
4 199
4 269
4 273
4 254
4 162
4 116
4 299
4 296
4 294
4 247
5 74
5 128
5 93
5 283
5 30
5 53
5 73
5 65
5 221
5 115
5 32
5 180
5 59
5 205
5 232
5 122
5 133
5 155
6 279
6 117
6 179
6 295
6 250
6 31
6 120
6 44
6 12
6 224
6 34
6 102
6 236
6 173
6 226
6 150
6 154
6 258
6 82
6 36
6 54
6 251
6 42
6 174
6 198
6 58
6 278
6 233
6 199
6 269
6 78
6 254
6 162
7 47
7 175
7 147
7 41
7 253
7 231
7 158
7 107
7 84
7 235
7 262
7 62
7 113
7 114
7 275
7 90
7 81
7 163
7 143
7 192
7 45
7 220
7 215
7 257
7 19
7 11
8 94
8 29
8 261
8 69
8 56
8 13
8 88
8 187
8 243
8 279
8 272
8 117
8 106
8 126
8 129
8 169
8 230
8 31
8 120
8 204
8 51
8 97
8 150
8 280
8 188
8 54
8 149
8 266
8 67
8 228
8 174
8 268
9 194
9 124
9 165
9 210
9 172
9 292
9 211
9 99
9 111
9 137
9 164
9 66
9 16
9 159
9 57
9 271
9 193
9 123
9 219
9 20
9 196
9 259
9 170
9 29
9 10
9 39
9 187
9 255
9 214
9 279
9 207
9 117
9 179
9 295
9 250
9 44
9 12
10 172
10 292
10 16
10 193
10 123
10 219
10 196
10 170
10 39
10 255
10 214
10 207
10 179
10 295
10 250
10 12
11 231
11 84
11 235
11 62
11 113
11 90
11 81
11 163
11 143
11 192
11 45
11 220
11 215
11 257
11 19
12 196
12 170
12 39
12 255
12 214
12 207
12 179
12 295
12 250
12 44
12 224
12 34
12 102
12 236
12 173
12 226
12 154
12 258
12 82
12 36
12 251
12 198
12 58
12 278
12 199
13 171
13 216
13 252
13 189
13 134
13 237
13 249
13 94
13 259
13 29
13 261
13 69
13 56
13 88
13 243
13 272
13 161
13 106
13 126
13 129
13 169
13 230
13 91
13 204
13 51
13 97
13 280
13 188
14 141
14 104
14 50
14 75
14 68
14 138
14 239
14 118
14 202
14 297
14 55
14 222
14 86
14 300
14 85
14 265
14 105
14 37
14 71
14 23
14 264
14 203
14 290
14 213
14 151
14 218
14 241
14 152
14 103
14 282
14 285
14 274
15 87
15 74
15 284
15 267
15 79
15 260
15 131
15 125
15 178
15 119
15 291
15 48
15 26
15 221
15 115
15 181
15 201
15 281
15 140
15 122
15 96
15 95
15 133
15 156
15 72
15 64
15 92
15 171
15 216
15 252
15 134
15 237
16 183
16 286
16 182
16 298
16 157
16 167
16 130
16 242
16 194
16 124
16 165
16 240
16 172
16 292
16 211
16 111
16 66
16 271
16 193
16 123
16 219
16 196
16 170
16 255
17 151
17 241
17 152
17 103
17 282
17 285
17 274
17 145
17 132
17 293
17 185
17 33
17 76
17 153
17 190
17 186
17 121
17 35
17 177
17 142
17 40
17 61
17 234
17 27
17 270
17 191
18 139
18 197
18 176
18 80
18 146
18 245
18 225
18 287
18 246
18 238
18 184
18 183
18 286
18 110
18 182
18 298
18 157
18 167
18 130
18 166
18 242
18 244
18 194
18 124
18 165
18 240
18 172
18 292
18 211
19 158
19 107
19 263
19 62
19 113
19 275
19 90
19 148
19 163
19 217
19 143
19 192
19 52
19 45
19 220
19 215
19 257
20 244
20 200
20 209
20 194
20 124
20 210
20 211
20 99
20 111
20 137
20 164
20 66
20 159
20 70
20 144
20 57
20 271
20 189
20 193
20 219
20 259
20 170
20 29
20 69
20 39
20 88
20 187
20 279
20 272
20 117
20 179
20 295
21 51
21 97
21 150
21 280
21 188
21 54
21 149
21 266
21 67
21 42
21 228
21 174
21 268
21 83
21 208
21 233
21 77
21 223
21 47
21 160
21 78
21 175
21 147
21 41
21 256
21 135
21 253
21 231
21 107
21 84
21 235
21 262
21 113
21 114
21 90
22 199
22 269
22 273
22 254
22 162
22 116
22 299
22 296
22 294
22 60
22 247
22 108
22 109
22 63
23 68
23 138
23 239
23 118
23 202
23 297
23 55
23 222
23 86
23 300
23 25
23 85
23 265
23 38
23 105
23 37
23 71
23 264
23 203
23 290
23 213
23 151
23 218
23 241
23 152
23 103
23 282
23 285
23 274
23 145
23 132
23 293
24 32
24 180
24 59
24 205
24 232
24 133
24 72
24 155
24 46
24 277
24 127
24 141
24 136
24 104
24 50
24 75
24 68
24 138
24 239
25 136
25 289
25 50
25 261
25 56
25 49
25 43
25 118
25 297
25 206
25 161
25 126
25 129
25 86
25 300
25 169
25 91
25 85
25 265
25 38
25 204
25 37
25 51
25 97
25 290
25 213
25 280
25 218
25 98
25 101
26 87
26 74
26 284
26 267
26 79
26 260
26 131
26 125
26 178
26 119
26 291
26 48
26 221
26 115
26 181
26 201
26 281
26 140
26 122
26 96
26 95
26 156
26 72
26 64
26 92
26 171
27 185
27 33
27 190
27 35
27 177
27 142
27 40
27 234
27 270
27 191
27 248
27 229
28 280
28 266
28 98
28 83
28 208
28 101
28 77
28 145
28 276
28 223
28 76
28 227
28 175
28 147
28 153
28 253
28 186
28 112
28 231
28 158
28 107
28 100
28 121
28 35
28 263
28 62
28 113
28 275
28 142
28 61
28 148
28 217
28 143
28 52
28 45
29 210
29 99
29 111
29 137
29 164
29 66
29 159
29 70
29 144
29 57
29 271
29 252
29 189
29 193
29 219
29 94
29 259
29 69
29 39
29 88
29 187
29 243
29 279
29 272
29 117
29 295
29 31
29 120
29 44
30 74
30 93
30 283
30 260
30 119
30 221
30 115
30 32
30 180
30 59
30 232
30 122
30 96
30 133
30 156
30 72
30 155
30 46
31 259
31 69
31 88
31 187
31 243
31 279
31 272
31 117
31 179
31 106
31 295
31 230
31 250
31 120
31 44
31 224
31 34
31 102
31 173
31 150
31 154
31 188
31 82
31 36
31 54
31 251
31 149
31 42
31 228
31 174
31 268
31 233
32 128
32 93
32 283
32 53
32 73
32 65
32 180
32 59
32 205
32 232
32 155
32 277
33 203
33 151
33 241
33 152
33 282
33 285
33 274
33 132
33 293
33 185
33 153
33 190
33 177
33 40
34 39
34 187
34 279
34 207
34 272
34 117
34 179
34 295
34 250
34 120
34 44
34 224
34 102
34 236
34 173
34 226
34 150
34 154
34 258
34 82
34 36
34 54
34 251
34 42
34 198
34 58
34 278
34 233
34 199
35 103
35 282
35 274
35 98
35 145
35 132
35 293
35 185
35 76
35 227
35 153
35 190
35 186
35 112
35 158
35 100
35 121
35 263
35 177
35 275
35 142
35 40
35 61
35 148
35 234
35 217
35 270
35 52
35 191
35 248
35 229
36 207
36 117
36 179
36 295
36 250
36 120
36 44
36 224
36 102
36 236
36 173
36 226
36 154
36 258
36 82
36 54
36 251
36 42
36 198
36 58
36 278
36 233
36 199
36 269
36 78
36 273
36 254
36 162
37 50
37 239
37 49
37 43
37 118
37 297
37 206
37 161
37 222
37 126
37 129
37 86
37 300
37 91
37 85
37 265
37 38
37 105
37 204
37 264
37 203
37 290
37 213
37 151
37 218
37 103
37 282
37 274
37 98
37 101
37 145
37 276
38 50
38 49
38 43
38 118
38 297
38 206
38 161
38 126
38 129
38 86
38 300
38 169
38 91
38 85
38 265
38 204
38 51
38 97
38 290
38 213
38 280
38 218
38 103
38 274
38 98
38 83
38 208
38 101
38 77
38 276
39 111
39 66
39 271
39 193
39 123
39 219
39 196
39 259
39 170
39 187
39 255
39 214
39 279
39 207
39 117
39 179
39 295
39 250
39 44
39 224
39 102
39 173
40 132
40 293
40 185
40 153
40 190
40 186
40 121
40 177
40 142
40 61
40 234
40 217
40 270
40 191
40 248
40 229
41 150
41 188
41 54
41 149
41 266
41 67
41 42
41 228
41 174
41 268
41 83
41 233
41 47
41 160
41 78
41 175
41 147
41 256
41 135
41 231
41 288
41 84
41 235
41 262
41 113
41 114
41 89
41 90
41 81
41 163
41 220
42 117
42 295
42 250
42 120
42 44
42 224
42 102
42 173
42 150
42 154
42 188
42 258
42 82
42 54
42 251
42 149
42 228
42 174
42 198
42 58
42 268
42 278
42 233
42 199
42 269
42 160
42 78
42 256
42 135
42 288
42 162
42 235
42 262
43 46
43 171
43 216
43 212
43 237
43 249
43 141
43 136
43 289
43 50
43 261
43 56
43 239
43 49
43 118
43 297
43 206
43 161
43 126
43 129
43 300
43 91
43 265
43 204
44 259
44 187
44 279
44 207
44 272
44 117
44 179
44 295
44 250
44 120
44 224
44 102
44 236
44 173
44 150
44 154
44 258
44 82
44 54
44 251
44 198
44 278
44 233
45 227
45 253
45 112
45 158
45 107
45 100
45 121
45 263
45 62
45 113
45 275
45 142
45 61
45 148
45 234
45 163
45 217
45 143
45 192
45 52
45 248
45 229
45 257
46 221
46 115
46 180
46 59
46 232
46 122
46 96
46 133
46 156
46 72
46 155
46 92
46 277
46 171
46 216
46 212
46 237
46 249
46 141
46 136
46 289
46 50
46 49
47 97
47 150
47 280
47 188
47 54
47 149
47 266
47 67
47 228
47 174
47 268
47 83
47 208
47 233
47 77
47 223
47 160
47 78
47 175
47 147
47 256
47 135
47 253
47 231
47 158
47 107
47 84
47 235
47 262
47 62
47 113
47 114
47 90
47 81
47 163
47 192
48 87
48 74
48 284
48 267
48 79
48 260
48 131
48 125
48 178
48 119
48 291
48 221
48 115
48 181
48 201
48 281
48 140
48 122
48 96
48 95
48 156
48 72
48 64
48 92
48 171
49 155
49 216
49 212
49 237
49 249
49 141
49 136
49 289
49 50
49 261
49 56
49 68
49 138
49 239
49 118
49 297
49 206
49 161
49 126
49 129
49 86
49 300
49 91
49 265
50 155
50 216
50 212
50 249
50 141
50 136
50 289
50 104
50 68
50 138
50 239
50 118
50 202
50 297
50 206
50 161
50 222
50 86
50 300
50 91
50 85
50 265
51 261
51 56
51 243
51 161
51 106
51 126
51 129
51 169
51 230
51 91
51 204
51 97
51 150
51 280
51 188
51 149
51 266
51 67
51 228
51 268
51 83
51 208
51 101
51 77
51 223
52 76
52 227
52 186
52 112
52 158
52 107
52 100
52 121
52 263
52 62
52 275
52 142
52 61
52 148
52 234
52 217
52 143
52 191
52 248
52 229
52 257
53 128
53 93
53 73
53 65
53 180
53 205
53 232
53 277
54 279
54 272
54 117
54 230
54 120
54 224
54 97
54 102
54 173
54 150
54 154
54 188
54 82
54 251
54 149
54 67
54 228
54 174
54 268
54 278
54 233
54 160
54 78
54 256
54 135
54 288
55 104
55 75
55 68
55 138
55 239
55 118
55 202
55 222
55 86
55 300
55 85
55 105
55 71
55 264
55 203
55 290
55 213
55 151
55 241
55 152
55 103
55 282
55 285
56 92
56 171
56 216
56 252
56 189
56 212
56 134
56 237
56 249
56 136
56 289
56 94
56 261
56 69
56 88
56 206
56 243
56 161
56 106
56 126
56 129
56 169
56 230
56 91
56 204
56 97
57 195
57 201
57 281
57 166
57 242
57 244
57 200
57 209
57 194
57 124
57 165
57 64
57 210
57 211
57 99
57 111
57 137
57 164
57 66
57 159
57 70
57 144
57 271
57 252
57 189
57 193
57 134
57 219
57 94
57 259
57 69
57 88
57 187
57 279
58 295
58 250
58 224
58 102
58 236
58 173
58 226
58 154
58 258
58 82
58 251
58 198
58 278
58 199
58 269
58 273
58 254
58 162
58 116
58 299
58 296
58 294
59 74
59 93
59 283
59 260
59 119
59 221
59 115
59 180
59 232
59 122
59 96
59 133
59 156
59 72
59 155
60 278
60 233
60 199
60 269
60 160
60 78
60 256
60 135
60 254
60 288
60 162
60 84
60 116
60 235
60 262
60 299
60 296
60 294
60 114
60 89
60 247
60 81
60 108
60 109
60 168
60 63
61 145
61 76
61 227
61 153
61 186
61 112
61 158
61 107
61 100
61 121
61 263
61 62
61 177
61 275
61 142
61 148
61 234
61 217
61 143
61 270
61 191
61 248
61 229
61 257
62 98
62 83
62 208
62 101
62 77
62 276
62 223
62 76
62 227
62 175
62 147
62 253
62 112
62 231
62 158
62 107
62 100
62 121
62 263
62 113
62 275
62 90
62 148
62 163
62 217
62 143
62 192
62 220
62 257
63 254
63 162
63 116
63 299
63 296
63 294
63 89
63 247
63 108
63 109
63 168
64 79
64 131
64 125
64 178
64 184
64 195
64 201
64 281
64 140
64 166
64 95
64 244
64 200
64 209
64 210
64 92
64 99
64 137
64 164
64 159
64 171
64 70
64 144
64 252
64 189
64 134
64 237
64 94
64 259
64 69
65 128
65 93
65 73
65 180
65 205
65 232
65 277
66 238
66 184
66 195
66 183
66 110
66 298
66 157
66 130
66 166
66 242
66 244
66 200
66 209
66 194
66 124
66 165
66 240
66 210
66 172
66 292
66 211
66 99
66 111
66 137
66 164
66 159
66 70
66 144
66 271
66 189
66 193
66 123
66 219
66 196
66 259
66 170
66 187
67 106
67 126
67 129
67 169
67 230
67 204
67 97
67 150
67 280
67 188
67 149
67 266
67 228
67 174
67 268
67 83
67 208
67 233
67 101
67 77
67 276
67 223
67 160
67 175
67 147
67 253
67 231
67 107
67 84
68 277
68 127
68 141
68 136
68 104
68 75
68 138
68 239
68 118
68 202
68 297
68 222
68 86
68 300
68 85
68 265
68 105
68 264
69 99
69 171
69 70
69 144
69 252
69 189
69 134
69 237
69 249
69 94
69 259
69 261
69 88
69 187
69 243
69 279
69 272
69 117
69 106
69 129
69 169
69 230
69 120
70 195
70 201
70 281
70 166
70 95
70 244
70 200
70 209
70 194
70 210
70 211
70 99
70 111
70 137
70 164
70 159
70 144
70 271
70 252
70 189
70 193
70 134
70 219
70 94
70 259
70 88
70 187
71 75
71 202
71 222
71 86
71 85
71 105
71 264
71 203
71 290
71 213
71 151
71 241
71 152
71 103
71 282
71 285
71 274
71 132
71 185
72 74
72 283
72 260
72 119
72 291
72 221
72 115
72 181
72 180
72 140
72 122
72 96
72 133
72 156
72 155
72 92
72 171
72 216
72 212
72 237
72 249
72 136
72 289
73 128
73 93
73 180
73 205
73 232
73 277
74 284
74 267
74 93
74 283
74 260
74 119
74 291
74 221
74 115
74 181
74 180
74 140
74 122
74 96
74 133
74 156
75 277
75 127
75 141
75 104
75 138
75 239
75 118
75 202
75 222
75 86
75 85
75 105
76 290
76 213
76 218
76 103
76 282
76 274
76 98
76 208
76 101
76 77
76 145
76 276
76 132
76 223
76 293
76 227
76 153
76 253
76 186
76 112
76 158
76 107
76 100
76 121
76 263
76 275
76 142
76 148
76 234
76 217
77 91
77 204
77 97
77 280
77 266
77 268
77 98
77 83
77 208
77 101
77 145
77 276
77 223
77 227
77 175
77 147
77 253
77 112
77 231
77 158
77 107
77 100
77 263
77 113
77 275
78 102
78 173
78 150
78 154
78 82
78 251
78 149
78 228
78 174
78 268
78 278
78 233
78 199
78 269
78 160
78 256
78 135
78 254
78 288
78 162
78 84
78 116
78 235
78 262
78 299
78 296
78 294
78 114
78 89
78 81
78 108
79 87
79 284
79 267
79 260
79 131
79 125
79 245
79 225
79 178
79 238
79 119
79 184
79 291
79 195
79 181
79 201
79 281
79 140
79 95
79 200
80 139
80 197
80 176
80 146
80 245
80 225
80 287
80 246
80 238
80 184
80 195
80 183
80 286
80 110
80 182
80 298
80 157
80 167
80 130
80 166
80 242
80 244
80 194
80 124
80 165
80 240
80 172
81 160
81 147
81 256
81 135
81 231
81 288
81 162
81 84
81 235
81 262
81 299
81 296
81 113
81 114
81 89
81 90
81 108
81 163
81 192
81 220
81 168
81 215
82 279
82 272
82 117
82 179
82 295
82 250
82 120
82 224
82 102
82 173
82 150
82 154
82 258
82 251
82 149
82 228
82 174
82 198
82 268
82 278
82 233
82 199
82 269
82 160
82 256
82 135
82 288
82 162
83 126
83 129
83 169
83 230
83 91
83 204
83 97
83 280
83 188
83 149
83 266
83 228
83 268
83 98
83 208
83 101
83 276
83 223
83 227
83 175
83 147
83 253
83 112
83 231
83 158
83 107
83 100
83 113
84 149
84 228
84 174
84 268
84 233
84 160
84 175
84 147
84 256
84 135
84 231
84 288
84 235
84 262
84 113
84 114
84 89
84 90
84 163
84 192
84 220
84 215
85 104
85 138
85 239
85 118
85 202
85 297
85 206
85 161
85 222
85 86
85 300
85 265
85 105
85 264
85 203
85 290
85 213
85 151
85 218
85 241
85 152
85 103
85 282
85 285
85 274
85 145
86 141
86 104
86 138
86 239
86 118
86 202
86 297
86 206
86 161
86 222
86 300
86 265
86 105
86 264
86 203
86 290
86 213
86 151
86 218
86 241
86 152
86 103
86 282
86 285
86 274
87 284
87 267
87 260
87 131
87 125
87 178
87 119
87 291
87 221
87 115
87 181
87 201
87 281
87 140
87 96
87 95
88 144
88 252
88 189
88 134
88 94
88 259
88 261
88 187
88 243
88 279
88 272
88 117
88 106
88 169
88 230
88 120
88 97
88 150
88 188
89 233
89 160
89 256
89 135
89 254
89 288
89 162
89 116
89 235
89 262
89 299
89 296
89 294
89 114
89 90
89 108
89 168
89 215
90 160
90 175
90 147
90 256
90 135
90 253
90 231
90 158
90 107
90 235
90 262
90 113
90 114
90 275
90 163
90 143
90 192
90 220
90 215
91 289
91 261
91 118
91 297
91 206
91 243
91 161
91 106
91 126
91 129
91 300
91 169
91 230
91 265
91 204
91 97
91 280
91 218
91 266
91 98
91 208
91 101
91 276
92 119
92 291
92 221
92 115
92 181
92 140
92 122
92 96
92 95
92 133
92 156
92 155
92 171
92 216
92 252
92 212
92 134
92 237
92 249
92 136
92 289
92 261
93 128
93 283
93 180
93 205
93 232
94 99
94 171
94 144
94 216
94 252
94 189
94 134
94 237
94 249
94 259
94 261
94 187
94 243
94 279
94 272
94 106
94 129
94 169
94 230
95 284
95 267
95 260
95 131
95 125
95 178
95 119
95 291
95 221
95 115
95 181
95 201
95 281
95 140
95 122
95 96
95 200
95 156
95 171
95 216
95 252
95 189
95 134
95 237
95 249
96 284
96 267
96 283
96 260
96 178
96 119
96 291
96 221
96 115
96 181
96 140
96 122
96 133
96 156
96 155
96 171
96 216
96 212
96 134
96 237
96 249
97 261
97 243
97 272
97 106
97 126
97 129
97 169
97 230
97 204
97 150
97 280
97 188
97 149
97 266
97 228
97 174
97 268
97 208
98 265
98 204
98 290
98 213
98 280
98 218
98 103
98 266
98 274
98 208
98 101
98 145
98 276
98 223
98 293
98 227
98 175
98 153
98 253
98 186
98 112
98 158
98 107
98 100
98 121
98 263
98 275
99 238
99 184
99 195
99 110
99 201
99 281
99 298
99 130
99 166
99 242
99 244
99 200
99 209
99 194
99 124
99 165
99 210
99 211
99 111
99 137
99 164
99 159
99 144
99 271
99 252
99 189
99 193
99 134
99 219
99 259
99 187
100 208
100 101
100 145
100 276
100 223
100 227
100 175
100 153
100 253
100 186
100 112
100 158
100 107
100 121
100 263
100 113
100 275
100 142
100 148
100 234
100 217
100 143
100 248
100 229
100 257
101 204
101 280
101 218
101 266
101 274
101 208
101 145
101 276
101 223
101 227
101 175
101 147
101 153
101 253
101 186
101 112
101 158
101 107
101 121
101 263
101 275
101 148
102 187
102 279
102 272
102 117
102 179
102 295
102 250
102 120
102 224
102 173
102 150
102 154
102 258
102 251
102 149
102 228
102 174
102 198
102 278
102 233
102 199
103 222
103 300
103 265
103 105
103 264
103 203
103 290
103 213
103 151
103 218
103 241
103 152
103 282
103 285
103 274
103 145
103 132
103 293
103 185
103 227
103 153
103 190
103 186
103 112
103 121
104 277
104 127
104 141
104 138
104 239
104 118
104 202
104 297
104 222
104 105
105 138
105 239
105 118
105 202
105 297
105 222
105 300
105 265
105 264
105 203
105 290
105 213
105 151
105 218
105 241
105 152
105 282
105 285
105 274
105 145
105 132
105 293
106 261
106 243
106 279
106 272
106 126
106 129
106 169
106 230
106 120
106 204
106 150
106 280
106 188
106 149
106 266
106 228
106 268
107 266
107 208
107 276
107 223
107 227
107 175
107 147
107 253
107 112
107 231
107 158
107 121
107 263
107 113
107 275
107 148
107 163
107 143
107 192
107 257
108 256
108 135
108 254
108 288
108 162
108 116
108 235
108 262
108 299
108 296
108 294
108 114
108 247
108 109
108 168
109 199
109 269
109 273
109 254
109 162
109 116
109 299
109 296
109 294
109 247
109 168
110 139
110 197
110 176
110 146
110 245
110 225
110 287
110 246
110 238
110 184
110 195
110 183
110 286
110 182
110 201
110 281
110 298
110 157
110 167
110 130
110 166
110 242
110 244
110 200
110 209
110 194
110 124
110 165
110 210
110 172
110 211
110 111
110 137
110 164
110 159
110 271
110 193
111 238
111 184
111 195
111 183
111 298
111 157
111 167
111 130
111 166
111 242
111 244
111 200
111 209
111 194
111 124
111 165
111 240
111 210
111 172
111 292
111 211
111 137
111 164
111 159
111 144
111 271
111 193
111 123
111 219
111 196
111 259
111 170
112 218
112 274
112 208
112 145
112 276
112 223
112 293
112 227
112 175
112 153
112 253
112 186
112 158
112 121
112 263
112 275
112 142
112 148
112 234
112 217
112 143
112 248
113 208
113 276
113 223
113 160
113 175
113 147
113 253
113 231
113 158
113 235
113 262
113 263
113 275
113 148
113 163
113 143
113 192
113 220
113 215
113 257
114 233
114 160
114 147
114 256
114 135
114 231
114 288
114 162
114 235
114 262
114 299
114 296
114 294
114 163
114 220
114 168
114 215
115 284
115 267
115 283
115 260
115 178
115 119
115 291
115 221
115 181
115 140
115 122
115 133
115 156
115 155
115 171
115 216
116 198
116 278
116 199
116 269
116 273
116 254
116 288
116 162
116 299
116 296
116 294
116 247
117 219
117 259
117 187
117 279
117 272
117 179
117 295
117 250
117 120
117 224
117 173
117 150
117 154
117 251
118 141
118 136
118 289
118 138
118 239
118 202
118 297
118 206
118 161
118 222
118 300
118 265
118 264
118 290
118 213
118 218
119 284
119 267
119 283
119 260
119 131
119 178
119 291
119 221
119 181
119 140
119 122
119 133
119 156
120 259
120 187
120 243
120 279
120 272
120 179
120 295
120 230
120 250
120 224
120 173
120 150
120 154
120 188
120 251
120 149
120 228
120 174
120 268
120 233
121 274
121 145
121 276
121 132
121 223
121 293
121 227
121 153
121 253
121 186
121 158
121 263
121 177
121 275
121 142
121 148
121 234
121 217
121 143
121 270
121 191
121 248
121 229
122 284
122 267
122 283
122 260
122 291
122 221
122 181
122 180
122 140
122 133
122 156
122 155
122 171
122 216
122 212
122 237
122 249
123 157
123 167
123 194
123 124
123 165
123 240
123 172
123 292
123 211
123 271
123 193
123 219
123 196
123 170
123 255
123 214
123 207
124 139
124 197
124 176
124 146
124 245
124 225
124 287
124 246
124 238
124 184
124 195
124 183
124 286
124 182
124 298
124 157
124 167
124 130
124 166
124 242
124 244
124 200
124 209
124 194
124 165
124 240
124 210
124 172
124 292
124 211
124 137
124 164
124 159
124 271
124 193
124 219
124 170
125 284
125 267
125 197
125 131
125 245
125 225
125 178
125 238
125 184
125 291
125 195
125 181
125 201
125 281
125 140
125 166
125 200
125 209
126 249
126 289
126 261
126 297
126 206
126 243
126 161
126 129
126 169
126 230
126 265
126 204
126 280
126 188
126 266
127 205
127 232
127 277
127 141
127 138
127 239
127 202
128 180
128 205
128 232
129 261
129 206
129 243
129 161
129 169
129 230
129 204
129 280
129 188
129 266
129 208
130 139
130 197
130 176
130 146
130 245
130 225
130 287
130 246
130 238
130 184
130 195
130 183
130 286
130 182
130 298
130 157
130 167
130 166
130 242
130 244
130 200
130 209
130 194
130 165
130 240
130 210
130 172
130 292
130 211
130 137
130 164
130 159
130 271
130 193
131 284
131 267
131 260
131 245
131 225
131 178
131 238
131 184
131 291
131 195
131 181
131 201
131 281
131 140
131 200
132 264
132 203
132 290
132 213
132 151
132 218
132 241
132 152
132 282
132 285
132 274
132 145
132 293
132 185
132 153
132 190
132 186
132 177
133 283
133 291
133 221
133 181
133 180
133 140
133 232
133 156
133 155
133 171
133 216
133 212
133 249
133 141
133 136
133 289
134 140
134 156
134 171
134 144
134 216
134 252
134 189
134 237
134 249
134 259
134 261
134 243
135 150
135 251
135 149
135 228
135 174
135 268
135 278
135 233
135 199
135 160
135 147
135 256
135 231
135 288
135 162
135 235
135 262
135 299
135 296
135 168
136 156
136 155
136 171
136 216
136 212
136 237
136 249
136 141
136 289
136 261
136 138
136 239
136 297
136 206
136 161
137 238
137 184
137 195
137 201
137 281
137 298
137 166
137 242
137 244
137 200
137 209
137 194
137 165
137 210
137 211
137 164
137 159
137 144
137 271
137 252
137 189
137 193
137 219
137 259
137 187
138 277
138 141
138 239
138 202
138 297
138 206
138 222
138 300
138 265
138 264
139 197
139 176
139 146
139 245
139 225
139 287
139 246
139 238
139 184
139 195
139 183
139 286
139 182
139 298
139 157
139 167
139 166
139 242
139 244
139 209
139 194
139 165
140 284
140 267
140 260
140 178
140 291
140 221
140 181
140 201
140 156
140 171
140 216
140 252
140 237
140 249
141 155
141 277
141 212
141 289
141 239
141 202
141 297
141 206
141 222
141 300
142 145
142 293
142 227
142 153
142 190
142 186
142 158
142 263
142 177
142 275
142 148
142 234
142 217
142 143
142 270
142 191
142 248
142 229
142 257
143 227
143 175
143 253
143 158
143 263
143 275
143 148
143 163
143 217
143 192
143 220
143 248
143 229
143 257
144 195
144 201
144 281
144 166
144 244
144 200
144 209
144 194
144 210
144 211
144 164
144 159
144 271
144 252
144 189
144 193
144 219
144 259
144 187
144 279
145 265
145 264
145 203
145 290
145 213
145 151
145 218
145 241
145 152
145 282
145 285
145 274
145 276
145 223
145 293
145 185
145 227
145 153
145 190
145 186
145 158
145 263
146 197
146 176
146 245
146 225
146 287
146 246
146 238
146 184
146 195
146 183
146 286
146 182
146 298
146 157
146 167
146 166
146 242
146 244
146 209
146 194
146 165
146 240
146 172
146 211
147 280
147 188
147 149
147 266
147 228
147 174
147 268
147 208
147 233
147 276
147 223
147 160
147 175
147 256
147 253
147 231
147 158
147 235
147 262
147 275
147 163
147 192
147 220
148 276
148 223
148 227
148 175
148 153
148 253
148 186
148 158
148 263
148 275
148 234
148 217
148 192
148 248
148 229
148 257
149 272
149 169
149 230
149 204
149 150
149 280
149 188
149 266
149 228
149 174
149 268
149 208
149 233
149 160
149 175
149 256
149 231
149 235
150 243
150 279
150 272
150 169
150 230
150 173
150 154
150 280
150 188
150 266
150 228
150 174
150 268
150 233
150 160
150 256
151 202
151 222
151 300
151 265
151 264
151 203
151 290
151 213
151 218
151 241
151 152
151 282
151 285
151 274
151 293
151 185
151 190
152 202
152 222
152 264
152 203
152 290
152 213
152 218
152 241
152 282
152 285
152 274
152 293
152 185
152 153
152 190
153 290
153 213
153 218
153 282
153 285
153 274
153 276
153 293
153 185
153 227
153 190
153 186
153 263
153 177
153 234
153 217
153 270
153 191
153 248
154 187
154 279
154 272
154 179
154 295
154 250
154 224
154 236
154 173
154 226
154 258
154 251
154 174
154 198
154 278
154 233
154 199
154 269
155 283
155 221
155 180
155 232
155 156
155 277
155 216
155 212
155 289
156 267
156 283
156 260
156 291
156 221
156 181
156 180
156 171
156 216
156 212
156 237
156 249
156 289
157 197
157 176
157 245
157 225
157 287
157 246
157 238
157 184
157 183
157 286
157 182
157 298
157 167
157 166
157 242
157 244
157 194
157 165
157 240
157 172
157 292
157 211
158 266
158 208
158 276
158 223
158 227
158 175
158 253
158 186
158 231
158 263
158 275
158 217
158 192
158 257
159 184
159 195
159 281
159 298
159 166
159 242
159 244
159 200
159 209
159 194
159 165
159 210
159 172
159 211
159 164
159 271
159 189
159 193
159 219
159 259
159 187
160 188
160 228
160 174
160 268
160 278
160 233
160 256
160 231
160 288
160 162
160 235
160 262
160 299
161 212
161 249
161 289
161 261
161 239
161 297
161 206
161 300
161 169
161 265
161 204
161 280
161 218
162 251
162 198
162 278
162 233
162 199
162 269
162 273
162 256
162 254
162 288
162 235
162 262
162 299
162 296
162 294
162 247
162 168
163 175
163 253
163 231
163 235
163 262
163 275
163 192
163 220
163 215
163 257
164 238
164 184
164 195
164 281
164 298
164 166
164 242
164 244
164 200
164 209
164 194
164 165
164 210
164 172
164 211
164 271
164 189
164 193
164 219
164 259
164 187
165 197
165 176
165 245
165 225
165 287
165 246
165 238
165 184
165 195
165 183
165 286
165 182
165 298
165 167
165 166
165 242
165 244
165 200
165 209
165 194
165 240
165 210
165 172
165 292
165 211
165 271
165 193
165 219
165 196
165 170
166 197
166 176
166 245
166 225
166 287
166 238
166 184
166 195
166 183
166 201
166 281
166 298
166 167
166 242
166 244
166 200
166 209
166 194
166 210
166 172
166 211
166 271
166 193
167 197
167 176
167 225
167 287
167 246
167 183
167 286
167 182
167 298
167 242
167 244
167 194
167 240
167 172
167 292
167 211
168 256
168 288
168 235
168 262
168 299
168 296
168 294
168 215
169 261
169 206
169 243
169 272
169 230
169 204
169 280
169 188
169 266
169 228
169 268
169 208
170 172
170 292
170 211
170 271
170 193
170 219
170 196
170 187
170 255
170 214
170 207
170 179
170 295
170 250
171 291
171 221
171 181
171 216
171 252
171 189
171 212
171 237
171 249
171 289
171 261
172 176
172 287
172 246
172 183
172 286
172 182
172 298
172 242
172 244
172 209
172 194
172 240
172 210
172 292
172 211
172 271
172 193
172 219
172 196
173 187
173 279
173 207
173 272
173 179
173 295
173 250
173 224
173 236
173 226
173 258
173 251
173 174
173 198
173 278
173 233
173 199
173 269
174 230
174 280
174 188
174 266
174 228
174 268
174 233
174 256
174 231
174 288
174 235
174 262
175 280
175 266
175 228
175 268
175 208
175 276
175 223
175 227
175 253
175 231
175 235
175 263
175 275
175 192
176 197
176 245
176 225
176 287
176 246
176 238
176 184
176 195
176 183
176 286
176 182
176 298
176 242
176 244
176 209
176 194
176 240
177 285
177 293
177 185
177 190
177 186
177 234
177 270
177 191
177 248
178 284
178 267
178 260
178 291
178 195
178 221
178 181
178 201
178 281
178 200
179 219
179 196
179 187
179 255
179 214
179 279
179 207
179 295
179 250
179 224
179 236
179 226
179 258
179 251
179 198
180 283
180 221
180 205
180 232
180 277
181 284
181 267
181 283
181 260
181 291
181 221
181 201
181 216
182 197
182 225
182 287
182 246
182 183
182 286
182 298
182 242
182 244
182 194
182 240
182 292
182 211
183 197
183 245
183 225
183 287
183 246
183 238
183 184
183 195
183 286
183 298
183 242
183 244
183 209
183 194
183 240
183 210
183 292
183 211
184 197
184 245
184 225
184 287
184 238
184 195
184 201
184 281
184 298
184 242
184 244
184 200
184 209
184 194
184 210
184 211
185 264
185 203
185 213
185 241
185 282
185 285
185 274
185 293
185 190
185 186
185 270
186 213
186 218
186 282
186 274
186 276
186 223
186 293
186 227
186 190
186 263
186 275
186 234
186 217
186 270
186 191
186 248
186 229
187 271
187 189
187 193
187 219
187 259
187 279
187 272
187 295
187 250
187 224
188 243
188 272
188 230
188 204
188 280
188 266
188 228
188 268
188 208
188 233
188 231
189 201
189 281
189 200
189 209
189 210
189 271
189 252
189 237
189 249
189 259
189 261
189 243
189 272
190 241
190 282
190 285
190 274
190 293
190 234
190 270
190 191
191 234
191 217
191 270
191 248
191 229
192 253
192 231
192 235
192 275
192 220
192 215
192 257
193 298
193 242
193 244
193 200
193 209
193 194
193 240
193 210
193 292
193 211
193 271
193 219
193 196
193 259
194 197
194 245
194 225
194 287
194 238
194 195
194 286
194 281
194 298
194 242
194 244
194 200
194 209
194 240
194 210
194 292
194 211
194 271
194 219
195 197
195 245
195 225
195 238
195 201
195 281
195 298
195 242
195 244
195 200
195 209
195 210
195 211
196 240
196 292
196 211
196 271
196 219
196 255
196 214
196 207
196 295
196 250
197 245
197 225
197 287
197 246
197 238
197 201
197 281
197 298
197 242
197 244
197 200
197 209
197 210
198 295
198 250
198 224
198 236
198 226
198 258
198 251
198 278
198 199
198 269
198 273
198 254
198 299
198 296
198 294
199 224
199 236
199 226
199 258
199 251
199 278
199 269
199 273
199 254
199 288
199 299
199 296
199 294
199 247
200 245
200 225
200 238
200 201
200 281
200 298
200 242
200 244
200 209
200 210
200 211
200 271
200 252
201 284
201 267
201 245
201 225
201 238
201 291
201 281
201 244
201 209
201 210
201 252
202 239
202 297
202 222
202 300
202 265
202 264
202 203
202 290
202 213
202 241
203 222
203 300
203 265
203 264
203 290
203 213
203 218
203 241
203 282
203 285
203 274
203 293
204 261
204 206
204 243
204 230
204 280
204 266
204 268
204 208
204 276
204 223
205 232
205 277
206 212
206 249
206 289
206 261
206 239
206 297
206 222
206 300
206 265
206 218
207 219
207 255
207 214
207 295
207 250
207 224
207 236
207 226
207 258
208 280
208 266
208 228
208 268
208 276
208 223
208 227
208 253
208 231
208 263
208 275
209 245
209 225
209 238
209 281
209 298
209 242
209 244
209 210
209 211
209 271
209 219
210 245
210 225
210 238
210 281
210 298
210 242
210 244
210 211
210 271
210 219
210 259
211 245
211 225
211 238
211 298
211 242
211 244
211 240
211 292
211 271
211 219
212 216
212 237
212 249
212 289
212 261
212 297
213 297
213 222
213 300
213 265
213 264
213 290
213 218
213 241
213 282
213 285
213 274
213 293
214 219
214 255
214 295
214 250
214 224
214 236
214 226
214 258
215 231
215 235
215 262
215 220
216 221
216 252
216 237
216 249
216 289
216 261
217 227
217 263
217 275
217 234
217 270
217 248
217 229
217 257
218 297
218 222
218 300
218 265
218 264
218 290
218 241
218 282
218 285
218 274
218 276
218 293
218 227
219 242
219 244
219 240
219 292
219 271
219 259
219 255
219 279
219 295
220 231
220 235
220 262
220 275
220 257
221 284
221 267
221 283
221 260
221 291
222 239
222 297
222 300
222 265
222 264
222 290
222 241
222 282
222 285
222 274
223 280
223 266
223 276
223 227
223 253
223 231
223 263
223 275
224 255
224 279
224 295
224 250
224 236
224 226
224 258
224 251
224 278
225 245
225 287
225 238
225 281
225 298
225 242
225 244
226 255
226 295
226 250
226 236
226 258
226 251
226 278
226 269
226 273
227 274
227 276
227 293
227 253
227 263
227 275
228 230
228 280
228 266
228 268
228 233
228 256
228 231
228 235
228 262
229 263
229 275
229 234
229 270
229 248
229 257
230 261
230 243
230 272
230 280
230 266
230 268
231 266
231 268
231 233
231 276
231 256
231 253
231 235
231 262
231 275
232 283
232 277
233 251
233 268
233 278
233 256
233 288
233 235
233 262
234 293
234 263
234 270
234 248
234 257
235 268
235 256
235 288
235 262
235 299
236 255
236 295
236 250
236 258
236 251
236 278
236 269
236 273
237 252
237 249
237 289
237 261
237 243
238 245
238 287
238 281
238 298
238 242
238 244
239 277
239 289
239 297
239 300
239 265
239 264
240 287
240 246
240 286
240 298
240 242
240 292
241 300
241 264
241 290
241 282
241 285
241 274
241 293
242 245
242 287
242 246
242 286
242 281
242 298
242 244
242 292
242 271
243 252
243 249
243 259
243 261
243 272
243 280
244 245
244 287
244 281
244 298
244 292
244 271
245 287
245 281
245 298
246 287
246 286
246 298
246 292
247 269
247 273
247 254
247 288
247 299
247 296
247 294
248 263
248 275
248 270
248 257
249 252
249 289
249 261
250 255
250 279
250 295
250 258
250 251
250 278
251 295
251 258
251 278
251 269
251 273
251 254
251 288
252 259
252 261
253 280
253 266
253 276
253 263
253 275
254 258
254 278
254 269
254 273
254 288
254 299
254 296
254 294
255 295
255 258
256 268
256 278
256 288
256 262
256 299
256 296
257 263
257 275
258 295
258 278
258 269
258 273
259 271
259 279
259 272
260 284
260 267
260 283
260 291
261 289
262 268
262 288
262 299
262 296
263 276
263 275
264 297
264 300
264 265
264 290
264 282
264 285
264 274
264 293
265 297
265 300
265 290
265 282
265 274
266 280
266 268
266 276
267 284
267 283
267 291
268 280
269 278
269 273
269 288
269 299
269 296
269 294
271 298
271 292
271 279
272 279
272 295
273 278
273 299
273 296
273 294
274 300
274 290
274 282
274 285
274 276
274 293
275 276
276 280
278 295
278 288
278 299
278 296
278 294
279 295
282 300
282 290
282 285
282 293
283 284
283 291
284 291
285 290
285 293
286 287
286 298
286 292
287 298
287 292
288 299
288 296
288 294
289 297
290 297
290 300
290 293
292 298
294 299
294 296
296 299
297 300
