300 9689
1 283
1 79
1 58
1 139
1 87
1 228
1 5
1 236
1 96
1 196
1 259
1 18
1 163
1 173
1 231
1 267
1 160
1 46
1 34
1 290
1 93
1 36
1 227
1 107
1 210
1 41
1 208
1 172
1 43
1 217
1 28
1 280
1 25
1 249
1 175
1 257
1 132
1 279
1 98
1 117
1 15
1 69
1 214
1 285
1 109
1 245
1 124
1 74
1 190
1 278
1 240
1 288
1 6
1 242
1 222
1 113
1 71
1 188
1 114
1 256
1 12
1 299
1 112
1 158
1 99
1 76
1 261
1 91
1 200
1 167
1 294
1 95
1 296
1 183
1 166
1 254
1 206
1 229
1 119
1 61
1 16
1 102
1 239
1 260
1 189
1 48
2 167
2 294
2 296
2 166
2 254
2 181
2 229
2 119
2 16
2 102
2 68
2 77
2 260
2 219
2 241
2 125
2 152
2 48
2 295
2 297
2 135
2 147
2 201
2 73
2 37
2 56
2 66
2 54
2 195
2 244
2 286
2 177
2 276
2 4
2 40
2 100
2 216
2 60
2 80
2 277
2 104
2 138
2 221
2 187
2 178
2 148
2 226
2 129
2 13
2 137
2 237
2 215
2 63
2 300
2 151
2 131
2 133
2 174
2 287
2 52
2 84
2 64
2 82
2 47
2 223
2 7
2 191
2 141
2 51
2 142
2 39
2 202
2 23
2 262
3 283
3 30
3 65
3 293
3 281
3 27
3 236
3 259
3 173
3 34
3 93
3 107
3 208
3 172
3 217
3 257
3 98
3 285
3 109
3 270
3 255
4 71
4 256
4 12
4 112
4 162
4 158
4 99
4 76
4 261
4 91
4 167
4 294
4 296
4 183
4 166
4 254
4 181
4 206
4 229
4 119
4 16
4 102
4 68
4 77
4 239
4 260
4 219
4 189
4 241
4 125
4 152
4 48
4 295
4 192
4 297
4 135
4 147
4 251
4 20
4 211
4 201
4 73
4 37
4 56
4 171
4 66
4 54
4 195
4 291
4 244
4 286
4 177
4 276
4 194
4 40
4 100
4 216
4 60
4 80
4 277
4 104
4 138
4 221
4 10
4 187
4 169
4 178
4 148
4 226
4 129
4 182
4 13
4 137
4 237
4 215
4 63
4 300
4 151
4 131
4 133
4 174
4 287
4 52
4 84
4 64
4 82
4 47
4 223
5 283
5 134
5 79
5 220
5 58
5 139
5 87
5 228
5 282
5 209
5 236
5 96
5 196
5 259
5 18
5 163
5 173
5 184
5 231
5 267
5 160
5 46
5 290
5 36
5 227
5 107
5 210
5 41
5 208
5 172
5 43
5 217
5 28
5 280
5 25
5 249
5 175
5 257
5 132
5 279
5 98
5 117
5 15
5 69
5 214
5 245
5 124
5 74
5 190
5 278
5 240
5 288
6 236
6 259
6 173
6 160
6 46
6 34
6 93
6 107
6 41
6 208
6 172
6 217
6 280
6 25
6 257
6 132
6 279
6 98
6 15
6 214
6 285
6 109
6 124
6 74
6 190
6 278
6 240
6 270
6 255
6 288
6 242
6 222
6 113
6 71
6 114
6 256
6 12
6 159
6 112
6 162
6 158
6 99
6 76
6 261
6 91
6 167
6 294
6 95
6 296
6 183
6 166
6 254
6 181
6 206
6 229
6 119
6 16
6 102
6 68
6 77
6 260
6 219
6 241
6 125
6 152
6 48
6 295
6 297
6 135
6 147
6 201
6 73
6 37
6 56
6 54
6 195
6 286
7 177
7 40
7 216
7 80
7 277
7 104
7 10
7 187
7 169
7 153
7 193
7 178
7 148
7 226
7 182
7 13
7 203
7 137
7 121
7 127
7 215
7 70
7 32
7 63
7 300
7 22
7 146
7 131
7 83
7 133
7 174
7 287
7 52
7 84
7 64
7 82
7 47
7 223
7 89
7 272
7 234
7 243
7 141
7 51
7 142
7 118
7 263
7 39
7 105
7 202
7 23
7 197
7 26
7 262
8 292
8 250
8 134
8 220
8 179
8 186
8 21
8 44
8 161
8 282
8 209
8 232
8 122
8 238
8 246
8 268
8 184
8 231
8 75
8 97
8 290
8 106
8 36
8 227
8 157
8 233
8 230
8 24
8 253
8 78
8 43
8 28
8 249
8 9
8 117
8 53
8 265
8 69
8 205
8 150
8 57
8 103
8 212
8 45
8 85
8 67
8 17
8 258
8 62
8 176
8 235
8 120
8 165
8 271
8 252
8 198
8 143
8 248
8 185
8 149
8 33
8 218
8 164
8 110
8 269
8 29
9 292
9 250
9 179
9 186
9 21
9 44
9 161
9 232
9 122
9 238
9 246
9 268
9 75
9 97
9 106
9 157
9 233
9 230
9 24
9 253
9 78
9 53
9 265
9 205
9 150
9 57
9 103
9 212
9 45
9 85
9 67
9 17
9 258
9 62
9 176
9 235
9 120
9 165
9 271
9 252
9 198
9 143
9 248
9 149
9 33
9 218
9 145
9 164
9 110
9 269
9 88
9 50
9 207
9 81
10 200
10 128
10 95
10 183
10 166
10 206
10 38
10 119
10 61
10 16
10 239
10 189
10 130
10 125
10 48
10 192
10 297
10 135
10 251
10 20
10 211
10 37
10 56
10 171
10 225
10 291
10 244
10 286
10 177
10 194
10 274
10 40
10 170
10 216
10 60
10 136
10 80
10 277
10 104
10 126
10 187
10 169
10 153
10 193
10 148
10 226
10 115
10 182
10 13
10 108
10 203
10 137
10 121
10 127
10 70
10 32
10 63
10 22
10 146
10 204
10 83
10 133
10 52
10 84
10 47
10 223
10 89
10 272
10 234
10 243
10 118
10 263
10 105
10 197
11 199
11 264
11 126
11 168
11 101
11 111
11 153
11 94
11 115
11 108
11 203
11 59
11 127
11 123
11 70
11 32
11 224
11 284
11 154
11 22
11 19
11 146
11 140
11 144
11 35
11 204
11 83
11 155
11 180
11 116
11 42
11 89
11 272
11 234
11 243
11 72
11 266
11 118
11 263
11 86
11 105
11 14
11 197
12 259
12 173
12 160
12 34
12 93
12 107
12 41
12 208
12 172
12 217
12 25
12 257
12 279
12 98
12 15
12 214
12 285
12 109
12 124
12 74
12 190
12 278
12 240
12 270
12 255
12 288
12 242
12 222
12 113
12 71
12 114
12 256
12 159
12 112
12 162
12 158
12 99
12 76
12 261
12 91
12 167
12 294
12 95
12 296
12 183
12 166
12 254
12 181
12 206
12 229
12 119
12 16
12 102
12 68
12 77
12 260
12 219
12 241
12 125
12 152
12 48
12 295
12 297
12 135
12 147
12 201
12 73
12 37
12 56
12 66
12 54
12 195
12 286
12 177
12 276
12 100
12 216
12 60
12 80
13 61
13 16
13 239
13 189
13 192
13 297
13 251
13 20
13 211
13 37
13 171
13 225
13 291
13 244
13 286
13 177
13 194
13 274
13 40
13 216
13 60
13 136
13 80
13 277
13 104
13 126
13 187
13 169
13 153
13 193
13 178
13 148
13 226
13 115
13 182
13 108
13 203
13 137
13 121
13 127
13 70
13 32
13 63
13 300
13 154
13 22
13 19
13 146
13 35
13 204
13 83
13 133
13 52
13 84
13 42
13 47
13 223
13 89
13 272
13 234
13 243
13 118
13 263
13 105
13 202
13 197
13 26
13 262
14 298
14 31
14 156
14 168
14 101
14 111
14 94
14 59
14 123
14 224
14 284
14 154
14 19
14 140
14 144
14 35
14 204
14 155
14 180
14 116
14 42
14 72
14 266
14 86
15 283
15 79
15 58
15 139
15 293
15 87
15 236
15 96
15 196
15 259
15 18
15 163
15 173
15 231
15 267
15 160
15 46
15 34
15 93
15 107
15 210
15 41
15 208
15 172
15 43
15 217
15 280
15 25
15 175
15 257
15 132
15 279
15 98
15 117
15 69
15 214
15 285
15 109
15 245
15 124
15 74
15 190
15 278
15 240
15 270
15 255
15 288
15 242
15 222
15 113
15 71
15 188
15 114
15 256
15 159
15 112
15 162
15 158
15 99
15 76
15 261
15 91
15 167
15 294
15 95
15 296
15 183
15 166
15 254
15 181
15 206
15 229
15 119
15 16
15 102
15 68
15 77
15 260
15 219
15 125
15 152
15 48
16 25
16 175
16 132
16 279
16 214
16 245
16 124
16 74
16 190
16 278
16 240
16 288
16 222
16 113
16 71
16 188
16 114
16 256
16 299
16 112
16 162
16 158
16 99
16 76
16 261
16 91
16 200
16 128
16 167
16 294
16 90
16 95
16 296
16 183
16 166
16 254
16 181
16 206
16 38
16 229
16 119
16 61
16 102
16 68
16 77
16 239
16 260
16 219
16 189
16 130
16 125
16 152
16 48
16 192
16 297
16 135
16 147
16 251
16 20
16 211
16 201
16 73
16 37
16 56
16 171
16 54
16 195
16 291
16 244
16 286
16 177
16 276
16 194
16 40
16 100
16 216
16 60
16 136
16 80
16 277
16 104
16 187
16 169
16 193
16 148
16 226
17 209
17 232
17 122
17 238
17 246
17 268
17 184
17 75
17 97
17 290
17 106
17 36
17 227
17 157
17 233
17 230
17 24
17 253
17 78
17 43
17 28
17 249
17 117
17 53
17 265
17 69
17 205
17 245
17 150
17 57
17 103
17 212
17 45
17 85
17 67
17 258
17 62
17 176
17 188
17 235
17 120
17 299
17 165
17 271
17 252
17 198
17 143
17 200
17 248
17 185
17 128
17 149
17 33
17 218
17 90
17 145
17 164
17 110
17 269
17 29
17 88
17 213
17 38
17 50
17 207
17 81
17 130
17 49
17 275
17 225
18 283
18 250
18 134
18 79
18 220
18 58
18 139
18 87
18 228
18 282
18 209
18 236
18 96
18 122
18 238
18 196
18 259
18 163
18 173
18 268
18 184
18 231
18 267
18 160
18 75
18 46
18 97
18 290
18 36
18 227
18 24
18 210
18 41
18 208
18 172
18 43
18 28
18 280
18 25
18 249
18 175
18 257
18 132
18 279
18 117
18 265
18 69
18 214
18 245
18 124
18 74
18 190
18 57
18 278
18 240
18 45
18 288
18 222
18 113
18 188
18 114
18 256
18 299
19 225
19 274
19 55
19 170
19 199
19 264
19 136
19 298
19 31
19 126
19 168
19 169
19 101
19 111
19 153
19 193
19 94
19 115
19 182
19 108
19 203
19 121
19 59
19 127
19 123
19 70
19 32
19 224
19 284
19 154
19 22
19 146
19 140
19 144
19 35
19 204
19 83
19 155
19 180
19 116
19 42
19 89
19 272
19 234
19 243
19 72
19 266
19 118
19 263
19 86
19 105
19 197
20 245
20 45
20 288
20 222
20 113
20 176
20 188
20 235
20 114
20 256
20 299
20 252
20 158
20 99
20 76
20 261
20 143
20 200
20 248
20 185
20 128
20 167
20 218
20 90
20 95
20 296
20 110
20 183
20 166
20 269
20 29
20 206
20 213
20 38
20 119
20 61
20 102
20 239
20 189
20 130
20 125
20 275
20 48
20 192
20 297
20 135
20 251
20 211
20 37
20 171
20 225
20 291
20 244
20 286
20 177
20 194
20 274
20 40
20 55
20 170
20 216
20 199
20 264
20 136
20 277
20 104
20 126
20 187
20 169
20 153
20 193
20 148
20 115
20 182
20 108
20 203
20 121
20 127
20 70
20 32
20 22
21 292
21 250
21 179
21 186
21 44
21 161
21 232
21 122
21 246
21 75
21 106
21 157
21 233
21 230
21 253
21 78
21 53
21 205
21 103
22 211
22 171
22 225
22 291
22 244
22 194
22 274
22 40
22 55
22 170
22 199
22 264
22 136
22 277
22 126
22 169
22 111
22 153
22 193
22 148
22 94
22 115
22 182
22 108
22 203
22 121
22 59
22 127
22 123
22 70
22 32
22 63
22 154
22 146
22 144
22 35
22 204
22 83
22 133
22 180
22 52
22 116
22 42
22 89
22 272
22 234
22 243
22 266
22 118
22 263
22 105
22 197
22 26
23 80
23 138
23 221
23 187
23 178
23 226
23 129
23 137
23 237
23 215
23 63
23 300
23 151
23 131
23 133
23 174
23 287
23 52
23 84
23 64
23 82
23 47
23 223
23 191
23 141
23 51
23 142
23 39
23 202
23 26
23 262
24 292
24 250
24 134
24 220
24 186
24 44
24 228
24 161
24 282
24 209
24 232
24 122
24 238
24 163
24 246
24 268
24 184
24 231
24 267
24 75
24 97
24 290
24 106
24 36
24 227
24 157
24 233
24 230
24 210
24 253
24 78
24 43
24 28
24 280
24 249
24 175
24 132
24 117
24 53
24 265
24 69
24 205
24 245
24 124
24 150
24 57
24 103
24 212
24 45
24 85
24 67
24 62
24 176
24 188
24 235
24 299
24 271
24 252
24 143
24 200
24 248
24 185
24 128
24 33
24 218
24 90
24 110
24 269
24 29
24 213
25 283
25 134
25 79
25 220
25 58
25 139
25 87
25 228
25 282
25 209
25 236
25 96
25 196
25 259
25 163
25 173
25 184
25 231
25 267
25 160
25 46
25 290
25 36
25 227
25 107
25 210
25 41
25 208
25 172
25 43
25 217
25 28
25 280
25 249
25 175
25 257
25 132
25 279
25 98
25 117
25 265
25 69
25 214
25 245
25 124
25 74
25 190
25 278
25 240
25 45
25 288
25 222
25 113
25 71
25 188
25 114
25 256
25 299
25 112
25 158
25 99
25 76
25 261
25 91
25 200
25 167
25 95
25 296
25 183
25 166
25 206
26 187
26 178
26 148
26 226
26 182
26 203
26 137
26 121
26 215
26 32
26 63
26 300
26 131
26 133
26 174
26 287
26 52
26 84
26 64
26 82
26 47
26 223
26 89
26 272
26 234
26 191
26 243
26 141
26 51
26 142
26 118
26 263
26 39
26 105
26 202
26 197
26 262
27 283
27 30
27 65
27 293
27 281
27 236
27 259
27 173
27 34
27 93
27 107
27 208
27 172
27 217
27 257
27 98
27 285
27 109
27 270
27 255
28 250
28 134
28 79
28 220
28 58
28 139
28 87
28 228
28 282
28 209
28 232
28 96
28 122
28 238
28 196
28 163
28 173
28 246
28 268
28 184
28 231
28 267
28 160
28 75
28 46
28 97
28 290
28 36
28 227
28 230
28 210
28 41
28 43
28 280
28 249
28 175
28 132
28 279
28 117
28 53
28 265
28 69
28 205
28 245
28 124
28 74
28 150
28 190
28 57
28 212
28 45
28 288
28 222
28 113
28 62
28 176
28 188
28 235
28 114
28 256
28 299
28 252
28 158
28 99
28 143
28 200
28 185
28 128
28 90
28 95
28 183
28 38
28 61
29 230
29 249
29 117
29 53
29 265
29 69
29 205
29 245
29 150
29 57
29 103
29 212
29 45
29 85
29 67
29 258
29 62
29 176
29 188
29 235
29 120
29 299
29 165
29 271
29 252
29 198
29 143
29 200
29 248
29 185
29 128
29 149
29 33
29 218
29 90
29 95
29 145
29 164
29 110
29 269
29 88
29 213
29 38
29 50
29 61
29 239
29 207
29 81
29 189
29 130
29 49
29 275
29 192
29 289
29 211
29 171
29 247
29 225
29 274
29 55
29 170
29 199
29 264
29 136
29 298
29 31
29 126
29 168
29 111
30 283
30 65
30 293
30 281
30 236
30 259
30 173
30 34
30 93
30 107
30 208
30 172
30 217
30 257
30 98
30 285
30 109
31 165
31 271
31 198
31 248
31 149
31 33
31 218
31 145
31 164
31 110
31 269
31 88
31 213
31 50
31 207
31 81
31 49
31 275
31 289
31 247
31 225
31 273
31 274
31 92
31 55
31 170
31 199
31 264
31 298
31 126
31 156
31 168
31 101
31 111
31 94
31 115
31 108
31 59
31 123
31 224
31 284
31 154
31 140
31 144
31 35
31 204
31 155
31 180
31 116
31 42
31 72
31 86
32 192
32 251
32 211
32 171
32 291
32 244
32 177
32 194
32 274
32 40
32 216
32 136
32 277
32 104
32 126
32 187
32 169
32 153
32 193
32 148
32 226
32 115
32 182
32 108
32 203
32 137
32 121
32 127
32 70
32 63
32 154
32 146
32 35
32 204
32 83
32 133
32 52
32 84
32 42
32 47
32 223
32 89
32 272
32 234
32 243
32 266
32 118
32 263
32 105
32 202
32 197
32 262
33 230
33 78
33 53
33 265
33 205
33 150
33 57
33 103
33 212
33 45
33 85
33 67
33 258
33 62
33 176
33 188
33 235
33 120
33 299
33 165
33 271
33 252
33 198
33 143
33 200
33 248
33 185
33 128
33 149
33 218
33 90
33 145
33 164
33 110
33 269
33 88
33 213
33 38
33 50
33 207
33 81
33 130
33 49
33 275
33 289
33 247
33 225
33 273
33 274
33 92
33 55
33 170
33 199
33 264
33 298
33 126
33 168
34 283
34 65
34 139
34 293
34 281
34 236
34 259
34 173
34 160
34 46
34 93
34 107
34 41
34 208
34 172
34 217
34 257
34 279
34 98
34 214
34 285
34 109
34 190
34 278
34 240
34 270
34 255
34 242
34 71
34 159
34 162
34 91
35 225
35 274
35 55
35 170
35 199
35 264
35 136
35 298
35 126
35 168
35 169
35 101
35 111
35 153
35 193
35 94
35 115
35 182
35 108
35 203
35 121
35 59
35 127
35 123
35 70
35 224
35 284
35 154
35 146
35 140
35 144
35 204
35 83
35 155
35 180
35 116
35 42
35 89
35 272
35 234
35 243
35 72
35 266
35 118
35 263
35 86
35 105
35 197
36 250
36 134
36 79
36 220
36 58
36 139
36 87
36 228
36 282
36 209
36 232
36 96
36 122
36 238
36 196
36 163
36 173
36 246
36 268
36 184
36 231
36 267
36 160
36 75
36 46
36 97
36 290
36 227
36 230
36 210
36 41
36 43
36 280
36 249
36 175
36 132
36 279
36 117
36 53
36 265
36 69
36 205
36 245
36 124
36 74
36 150
36 190
36 57
36 212
36 45
36 288
36 222
36 113
36 176
36 188
36 235
36 114
36 256
36 299
36 158
36 200
36 185
36 128
36 90
36 95
37 190
37 278
37 240
37 288
37 222
37 113
37 71
37 114
37 256
37 112
37 162
37 158
37 99
37 76
37 261
37 91
37 200
37 167
37 294
37 95
37 296
37 183
37 166
37 254
37 181
37 206
37 229
37 119
37 61
37 102
37 68
37 77
37 239
37 260
37 219
37 189
37 241
37 125
37 152
37 48
37 295
37 192
37 297
37 135
37 147
37 251
37 211
37 201
37 73
37 56
37 171
37 66
37 54
37 195
37 291
37 244
37 286
37 177
37 276
37 194
37 40
37 100
37 216
37 60
37 80
37 277
37 104
37 138
37 221
37 187
37 169
37 153
37 193
37 178
37 148
37 226
37 129
37 182
37 137
37 121
37 63
37 300
37 133
38 43
38 249
38 175
38 132
38 117
38 53
38 265
38 69
38 205
38 245
38 124
38 74
38 150
38 57
38 212
38 45
38 288
38 85
38 67
38 222
38 113
38 62
38 176
38 188
38 235
38 114
38 256
38 299
38 271
38 252
38 158
38 99
38 143
38 200
38 248
38 185
38 128
38 149
38 218
38 90
38 95
38 164
38 110
38 183
38 269
38 206
38 213
38 61
38 239
38 189
38 130
38 49
38 275
38 192
38 297
38 251
38 211
38 171
38 225
38 291
38 244
38 194
38 274
38 40
38 55
38 170
38 199
38 264
38 136
38 126
38 169
38 153
38 193
39 60
39 80
39 138
39 221
39 187
39 178
39 226
39 129
39 137
39 237
39 215
39 63
39 300
39 151
39 131
39 133
39 174
39 287
39 52
39 84
39 64
39 82
39 47
39 223
39 191
39 141
39 51
39 142
39 202
39 262
40 222
40 113
40 188
40 114
40 256
40 299
40 158
40 99
40 76
40 261
40 200
40 128
40 167
40 90
40 95
40 296
40 183
40 166
40 206
40 229
40 119
40 61
40 102
40 239
40 260
40 219
40 189
40 130
40 125
40 152
40 48
40 192
40 297
40 135
40 147
40 251
40 211
40 56
40 171
40 54
40 225
40 291
40 244
40 286
40 177
40 194
40 274
40 216
40 60
40 136
40 80
40 277
40 104
40 126
40 187
40 169
40 153
40 193
40 178
40 148
40 226
40 115
40 182
40 108
40 203
40 137
40 121
40 127
40 70
40 63
40 146
40 133
40 52
40 84
40 47
40 89
40 272
40 234
41 283
41 79
41 220
41 58
41 139
41 87
41 228
41 282
41 236
41 96
41 196
41 259
41 163
41 173
41 184
41 231
41 267
41 160
41 46
41 290
41 93
41 227
41 107
41 210
41 208
41 172
41 43
41 217
41 280
41 249
41 175
41 257
41 132
41 279
41 98
41 117
41 69
41 214
41 285
41 245
41 124
41 74
41 190
41 278
41 240
41 288
41 222
41 113
41 71
41 188
41 114
41 256
41 299
41 112
41 158
41 99
41 76
41 261
41 91
41 200
41 167
41 95
41 296
41 183
41 166
41 206
42 225
42 274
42 55
42 170
42 199
42 264
42 136
42 298
42 126
42 168
42 169
42 101
42 111
42 153
42 193
42 94
42 115
42 182
42 108
42 203
42 121
42 59
42 127
42 123
42 70
42 224
42 284
42 154
42 146
42 140
42 144
42 204
42 83
42 155
42 180
42 116
42 89
42 272
42 234
42 243
42 72
42 266
42 118
42 263
42 86
42 105
42 197
43 250
43 134
43 79
43 220
43 58
43 139
43 87
43 228
43 282
43 209
43 232
43 96
43 122
43 238
43 196
43 259
43 163
43 173
43 246
43 268
43 184
43 231
43 267
43 160
43 75
43 46
43 97
43 290
43 227
43 230
43 210
43 280
43 249
43 175
43 132
43 279
43 117
43 53
43 265
43 69
43 214
43 245
43 124
43 74
43 150
43 190
43 57
43 278
43 212
43 45
43 288
43 222
43 113
43 176
43 188
43 235
43 114
43 256
43 299
43 252
43 158
43 99
43 200
43 185
43 128
43 90
43 95
43 183
44 292
44 250
44 134
44 220
44 179
44 186
44 161
44 282
44 209
44 232
44 122
44 238
44 246
44 268
44 184
44 75
44 97
44 106
44 157
44 233
44 230
44 253
44 78
44 53
44 265
44 205
44 150
44 103
44 85
44 67
45 282
45 209
45 232
45 122
45 238
45 163
45 246
45 268
45 184
45 231
45 267
45 75
45 97
45 290
45 227
45 230
45 210
45 78
45 280
45 249
45 175
45 132
45 117
45 53
45 265
45 69
45 205
45 245
45 124
45 74
45 150
45 57
45 103
45 212
45 288
45 85
45 67
45 222
45 113
45 62
45 176
45 188
45 235
45 114
45 256
45 299
45 271
45 252
45 158
45 198
45 143
45 200
45 248
45 185
45 128
45 149
45 218
45 90
45 95
45 164
45 110
45 183
45 269
45 213
45 61
45 239
45 189
45 130
45 49
45 275
45 192
45 211
45 225
46 283
46 134
46 79
46 220
46 58
46 139
46 87
46 228
46 282
46 209
46 236
46 96
46 196
46 259
46 163
46 173
46 184
46 231
46 267
46 160
46 290
46 93
46 227
46 107
46 210
46 208
46 172
46 217
46 280
46 249
46 175
46 257
46 132
46 279
46 98
46 117
46 69
46 214
46 245
46 124
46 74
46 190
46 278
46 240
46 288
46 222
46 113
46 188
46 114
46 256
46 112
46 158
46 99
46 76
46 261
47 286
47 177
47 100
47 216
47 60
47 80
47 277
47 104
47 138
47 221
47 187
47 169
47 193
47 178
47 148
47 226
47 129
47 182
47 203
47 137
47 237
47 121
47 215
47 63
47 300
47 151
47 131
47 133
47 174
47 287
47 52
47 84
47 64
47 82
47 223
47 89
47 272
47 234
47 191
47 243
47 141
47 51
47 142
47 263
47 202
47 197
47 262
48 214
48 190
48 278
48 240
48 288
48 242
48 222
48 113
48 71
48 114
48 256
48 159
48 112
48 162
48 158
48 99
48 76
48 261
48 91
48 200
48 167
48 294
48 95
48 296
48 183
48 166
48 254
48 181
48 206
48 229
48 119
48 61
48 102
48 68
48 77
48 239
48 260
48 219
48 189
48 241
48 125
48 152
48 295
48 192
48 297
48 135
48 147
48 251
48 211
48 201
48 73
48 56
48 171
48 66
48 54
48 195
48 291
48 244
48 286
48 177
48 276
48 194
48 100
48 216
48 60
48 80
48 277
48 104
48 138
48 221
48 187
48 169
48 178
48 148
48 226
48 137
49 53
49 205
49 150
49 57
49 103
49 212
49 85
49 67
49 258
49 62
49 176
49 235
49 120
49 165
49 271
49 252
49 198
49 143
49 248
49 185
49 128
49 149
49 218
49 90
49 145
49 164
49 110
49 269
49 88
49 213
49 50
49 207
49 81
49 130
49 275
49 289
49 247
49 225
49 273
49 274
49 92
49 55
49 170
49 199
49 264
49 136
49 298
49 126
49 156
49 168
49 101
49 111
49 94
49 108
49 59
49 123
50 253
50 78
50 53
50 205
50 150
50 103
50 85
50 67
50 258
50 62
50 176
50 120
50 165
50 271
50 252
50 198
50 143
50 248
50 185
50 149
50 218
50 145
50 164
50 110
50 269
50 88
50 213
50 207
50 81
50 275
50 289
50 247
50 273
50 92
50 55
50 170
50 199
50 264
50 298
50 156
50 168
50 101
50 111
51 100
51 60
51 80
51 138
51 221
51 178
51 226
51 129
51 137
51 237
51 215
51 63
51 300
51 151
51 131
51 133
51 174
51 287
51 84
51 64
51 82
51 223
51 191
51 141
51 142
51 202
51 262
52 171
52 291
52 244
52 286
52 177
52 194
52 216
52 60
52 136
52 80
52 277
52 104
52 187
52 169
52 153
52 193
52 178
52 148
52 226
52 115
52 182
52 203
52 137
52 121
52 127
52 215
52 70
52 63
52 300
52 146
52 131
52 83
52 133
52 174
52 287
52 84
52 64
52 82
52 223
52 89
52 272
52 234
52 243
52 141
52 142
52 118
52 263
52 105
52 202
52 197
52 262
53 292
53 250
53 179
53 186
53 161
53 282
53 209
53 232
53 122
53 238
53 246
53 268
53 184
53 75
53 97
53 290
53 106
53 227
53 157
53 233
53 230
53 253
53 78
53 249
53 117
53 265
53 69
53 205
53 150
53 57
53 103
53 212
53 85
53 67
53 258
53 62
53 176
53 235
53 120
53 165
53 271
53 252
53 198
53 143
53 248
53 185
53 128
53 149
53 218
53 90
53 145
53 164
53 110
53 269
53 88
53 213
53 81
53 275
54 242
54 71
54 159
54 112
54 162
54 99
54 76
54 261
54 91
54 167
54 294
54 296
54 166
54 254
54 181
54 206
54 229
54 119
54 102
54 68
54 77
54 260
54 219
54 241
54 125
54 152
54 295
54 297
54 135
54 147
54 251
54 201
54 73
54 56
54 66
54 195
54 244
54 286
54 177
54 276
54 100
54 216
54 60
54 80
54 277
54 104
54 138
54 221
54 187
54 178
54 148
54 226
54 129
54 137
54 237
54 215
54 63
54 300
54 151
54 131
54 174
54 287
54 84
54 64
54 82
55 62
55 176
55 165
55 271
55 252
55 198
55 143
55 248
55 185
55 128
55 149
55 218
55 90
55 145
55 164
55 110
55 269
55 88
55 213
55 207
55 81
55 130
55 275
55 289
55 247
55 225
55 273
55 274
55 92
55 170
55 199
55 264
55 136
55 298
55 126
55 156
55 168
55 169
55 101
55 111
55 153
55 193
55 94
55 115
55 108
55 203
55 59
55 127
55 123
55 70
55 224
55 284
55 154
55 146
55 140
55 144
55 204
55 83
55 155
55 180
55 116
55 72
55 266
56 278
56 240
56 242
56 222
56 113
56 71
56 114
56 256
56 159
56 112
56 162
56 158
56 99
56 76
56 261
56 91
56 167
56 294
56 95
56 296
56 183
56 166
56 254
56 181
56 206
56 229
56 119
56 61
56 102
56 68
56 77
56 239
56 260
56 219
56 189
56 241
56 125
56 152
56 295
56 192
56 297
56 135
56 147
56 251
56 211
56 201
56 73
56 171
56 66
56 195
56 291
56 244
56 286
56 177
56 276
56 194
56 100
56 216
56 60
56 80
56 277
56 104
56 138
56 221
56 187
56 178
56 148
56 226
56 129
56 137
56 237
56 215
56 63
56 300
56 131
56 174
56 84
57 250
57 282
57 209
57 232
57 122
57 238
57 246
57 268
57 184
57 231
57 267
57 75
57 97
57 290
57 106
57 227
57 233
57 230
57 210
57 253
57 78
57 280
57 249
57 175
57 132
57 117
57 265
57 69
57 205
57 245
57 124
57 74
57 150
57 103
57 212
57 288
57 85
57 67
57 62
57 176
57 188
57 235
57 120
57 299
57 165
57 271
57 252
57 198
57 143
57 200
57 248
57 185
57 128
57 149
57 218
57 90
57 95
57 145
57 164
57 110
57 269
57 213
57 61
57 130
57 275
58 283
58 134
58 79
58 220
58 139
58 87
58 228
58 282
58 209
58 236
58 96
58 238
58 196
58 259
58 163
58 173
58 268
58 184
58 231
58 267
58 160
58 97
58 290
58 227
58 210
58 208
58 172
58 280
58 249
58 175
58 132
58 279
58 117
58 69
58 245
58 124
58 74
59 275
59 289
59 247
59 225
59 273
59 274
59 92
59 170
59 199
59 264
59 136
59 298
59 126
59 156
59 168
59 101
59 111
59 94
59 115
59 108
59 127
59 123
59 70
59 224
59 284
59 154
59 146
59 140
59 144
59 204
59 83
59 155
59 180
59 116
59 72
59 266
59 118
59 86
59 105
60 112
60 162
60 76
60 261
60 91
60 167
60 294
60 296
60 166
60 254
60 181
60 206
60 229
60 119
60 102
60 68
60 77
60 260
60 219
60 241
60 125
60 152
60 295
60 297
60 135
60 147
60 251
60 201
60 73
60 171
60 66
60 195
60 291
60 244
60 286
60 177
60 276
60 194
60 100
60 216
60 80
60 277
60 104
60 138
60 221
60 187
60 178
60 148
60 226
60 129
60 137
60 237
60 215
60 63
60 300
60 151
60 131
60 133
60 174
60 287
60 84
60 64
60 82
60 223
60 191
60 141
60 142
61 280
61 249
61 175
61 132
61 279
61 117
61 69
61 245
61 124
61 74
61 190
61 278
61 212
61 288
61 222
61 113
61 176
61 188
61 235
61 114
61 256
61 299
61 112
61 252
61 158
61 99
61 76
61 261
61 91
61 143
61 200
61 248
61 185
61 128
61 167
61 218
61 90
61 95
61 296
61 110
61 183
61 166
61 206
61 213
61 119
61 102
61 239
61 260
61 189
61 130
61 125
61 152
61 275
61 192
61 297
61 135
61 251
61 211
61 171
61 225
61 291
61 244
61 286
61 177
61 194
61 274
61 170
61 216
61 136
61 277
61 104
61 126
61 169
61 153
61 193
61 148
61 182
62 232
62 122
62 246
62 268
62 75
62 97
62 106
62 157
62 233
62 230
62 253
62 78
62 249
62 117
62 265
62 205
62 150
62 103
62 212
62 85
62 67
62 258
62 176
62 188
62 235
62 120
62 299
62 165
62 271
62 252
62 198
62 143
62 200
62 248
62 185
62 128
62 149
62 218
62 90
62 145
62 164
62 110
62 269
62 88
62 213
62 207
62 81
62 130
62 275
62 289
62 247
62 225
63 297
63 135
63 195
63 291
63 244
63 286
63 177
63 276
63 194
63 100
63 216
63 80
63 277
63 104
63 138
63 221
63 187
63 169
63 153
63 193
63 178
63 148
63 226
63 129
63 182
63 203
63 137
63 237
63 121
63 215
63 300
63 151
63 131
63 133
63 174
63 287
63 84
63 64
63 82
63 223
63 89
63 272
63 234
63 191
63 243
63 141
63 142
63 263
63 202
63 197
63 262
64 195
64 286
64 276
64 100
64 216
64 80
64 104
64 138
64 221
64 187
64 178
64 148
64 226
64 129
64 137
64 237
64 215
64 300
64 151
64 131
64 133
64 174
64 287
64 84
64 82
64 223
64 191
64 141
64 142
64 202
64 262
65 283
65 139
65 293
65 281
65 236
65 259
65 173
65 160
65 93
65 107
65 208
65 172
65 217
65 257
65 98
65 285
65 109
66 270
66 255
66 242
66 71
66 159
66 112
66 162
66 261
66 91
66 167
66 294
66 296
66 254
66 181
66 229
66 119
66 102
66 68
66 77
66 260
66 219
66 241
66 125
66 152
66 295
66 135
66 147
66 201
66 73
66 195
66 286
66 177
66 276
66 100
66 216
66 80
66 104
66 138
66 221
66 187
66 178
66 226
66 129
66 137
66 237
66 215
66 300
66 151
66 131
66 174
66 287
66 82
67 161
67 232
67 122
67 238
67 246
67 268
67 75
67 97
67 106
67 157
67 233
67 230
67 253
67 78
67 249
67 265
67 205
67 150
67 103
67 212
67 85
67 258
67 176
67 235
67 120
67 165
67 271
67 252
67 198
67 143
67 248
67 185
67 128
67 149
67 218
67 90
67 145
67 164
67 110
67 269
67 88
67 213
67 207
67 81
67 130
67 275
67 289
67 247
68 257
68 98
68 214
68 285
68 109
68 190
68 278
68 240
68 270
68 255
68 242
68 222
68 113
68 71
68 114
68 256
68 159
68 112
68 162
68 158
68 99
68 76
68 261
68 91
68 167
68 294
68 296
68 183
68 166
68 254
68 181
68 206
68 229
68 119
68 102
68 77
68 260
68 219
68 241
68 125
68 152
68 295
68 297
68 135
68 147
68 201
68 73
68 195
68 286
68 177
68 276
68 100
68 216
68 80
68 277
68 104
68 138
68 221
68 187
68 178
68 226
68 129
69 134
69 79
69 220
69 139
69 87
69 228
69 282
69 209
69 96
69 122
69 238
69 196
69 163
69 173
69 246
69 268
69 184
69 231
69 267
69 160
69 75
69 97
69 290
69 227
69 230
69 210
69 280
69 249
69 175
69 132
69 279
69 117
69 265
69 214
69 245
69 124
69 74
69 150
69 190
69 278
69 240
69 212
69 288
69 222
69 113
69 176
69 188
69 235
69 114
69 256
69 299
69 252
69 158
69 99
69 76
69 143
69 200
69 185
69 128
69 218
69 90
69 95
69 110
69 183
69 166
69 206
69 239
69 189
69 130
69 192
70 171
70 225
70 291
70 244
70 194
70 274
70 170
70 199
70 264
70 136
70 126
70 168
70 169
70 101
70 111
70 153
70 193
70 148
70 94
70 115
70 182
70 108
70 203
70 121
70 127
70 123
70 224
70 284
70 154
70 146
70 140
70 144
70 204
70 83
70 133
70 180
70 116
70 89
70 272
70 234
70 243
70 72
70 266
70 118
70 263
70 86
70 105
70 197
71 236
71 259
71 173
71 160
71 93
71 107
71 208
71 172
71 217
71 257
71 279
71 98
71 214
71 285
71 109
71 190
71 278
71 240
71 270
71 255
71 288
71 242
71 222
71 113
71 114
71 256
71 159
71 112
71 162
71 158
71 99
71 76
71 261
71 91
71 167
71 294
71 296
71 183
71 166
71 254
71 181
71 206
71 229
71 119
71 102
71 77
71 260
71 219
71 241
71 125
71 152
71 295
71 297
71 135
71 147
71 201
71 73
71 195
71 286
71 276
72 92
72 199
72 264
72 298
72 156
72 168
72 101
72 111
72 94
72 115
72 108
72 127
72 123
72 224
72 284
72 154
72 146
72 140
72 144
72 204
72 83
72 155
72 180
72 116
72 266
72 118
72 86
72 105
73 270
73 255
73 242
73 159
73 112
73 162
73 76
73 261
73 91
73 167
73 294
73 296
73 166
73 254
73 181
73 229
73 119
73 102
73 77
73 260
73 219
73 241
73 125
73 152
73 295
73 297
73 135
73 147
73 201
73 195
73 286
73 177
73 276
73 100
73 216
73 80
73 104
73 138
73 221
73 187
73 178
73 226
73 129
73 137
73 237
73 215
73 300
73 151
73 131
74 79
74 139
74 87
74 228
74 282
74 209
74 96
74 196
74 259
74 163
74 173
74 268
74 184
74 231
74 267
74 160
74 97
74 290
74 227
74 107
74 210
74 208
74 172
74 280
74 249
74 175
74 257
74 132
74 279
74 98
74 117
74 265
74 214
74 245
74 124
74 190
74 278
74 240
74 212
74 288
74 222
74 113
74 188
74 235
74 114
74 256
74 299
74 112
74 158
74 99
74 76
74 261
74 91
74 200
74 128
74 167
74 90
74 95
74 296
74 183
74 166
74 206
74 119
74 102
74 239
74 189
74 192
74 297
74 251
74 211
75 292
75 250
75 134
75 220
75 179
75 186
75 228
75 161
75 282
75 209
75 232
75 122
75 238
75 246
75 268
75 184
75 231
75 97
75 290
75 106
75 227
75 157
75 233
75 230
75 210
75 253
75 78
75 249
75 175
75 117
75 265
75 205
75 245
75 150
75 103
75 212
75 85
75 176
75 235
75 271
75 252
75 143
76 173
76 160
76 107
76 210
76 208
76 172
76 217
76 280
76 175
76 257
76 132
76 279
76 98
76 214
76 285
76 109
76 245
76 124
76 190
76 278
76 240
76 270
76 255
76 288
76 242
76 222
76 113
76 188
76 114
76 256
76 159
76 299
76 112
76 162
76 158
76 99
76 261
76 91
76 200
76 167
76 294
76 95
76 296
76 183
76 166
76 254
76 181
76 206
76 229
76 119
76 102
76 77
76 239
76 260
76 219
76 189
76 241
76 125
76 152
76 295
76 192
76 297
76 135
76 147
76 251
76 211
76 201
76 171
76 195
76 291
76 244
76 286
76 177
76 276
76 194
76 216
76 80
76 277
76 104
77 257
77 98
77 214
77 285
77 109
77 190
77 278
77 240
77 270
77 255
77 242
77 113
77 114
77 256
77 159
77 112
77 162
77 158
77 99
77 261
77 91
77 167
77 294
77 296
77 166
77 254
77 181
77 206
77 229
77 119
77 102
77 260
77 219
77 241
77 125
77 152
77 295
77 297
77 135
77 147
77 201
77 195
77 286
77 177
77 276
77 100
77 216
77 80
77 104
77 138
77 221
77 187
77 178
77 129
78 292
78 250
78 179
78 186
78 161
78 209
78 232
78 122
78 238
78 246
78 268
78 184
78 97
78 106
78 157
78 233
78 230
78 253
78 265
78 205
78 150
78 103
78 212
78 85
78 258
78 176
78 235
78 120
78 165
78 271
78 252
78 198
78 143
78 248
78 149
78 218
78 145
78 164
78 269
78 88
79 283
79 134
79 220
79 139
79 87
79 228
79 282
79 209
79 236
79 96
79 238
79 196
79 259
79 163
79 173
79 268
79 184
79 231
79 267
79 160
79 97
79 290
79 227
79 210
79 208
79 172
79 280
79 249
79 175
79 132
79 279
79 117
79 245
79 124
80 112
80 261
80 91
80 167
80 294
80 296
80 166
80 254
80 181
80 206
80 229
80 119
80 102
80 260
80 219
80 241
80 125
80 152
80 295
80 297
80 135
80 147
80 251
80 201
80 171
80 195
80 291
80 244
80 286
80 177
80 276
80 194
80 100
80 216
80 277
80 104
80 138
80 221
80 187
80 178
80 148
80 226
80 129
80 182
80 137
80 237
80 121
80 215
80 300
80 151
80 131
80 133
80 174
80 287
80 84
80 82
80 223
80 191
80 141
80 142
80 202
81 205
81 150
81 103
81 85
81 258
81 176
81 235
81 120
81 165
81 271
81 252
81 198
81 143
81 248
81 185
81 149
81 218
81 145
81 164
81 110
81 269
81 88
81 213
81 207
81 275
81 289
81 247
81 225
81 273
81 92
81 170
81 199
81 264
81 298
81 156
81 168
81 101
81 111
81 94
82 195
82 286
82 276
82 100
82 216
82 104
82 138
82 221
82 187
82 178
82 226
82 129
82 137
82 237
82 215
82 300
82 151
82 131
82 133
82 174
82 287
82 84
82 223
82 191
82 141
82 142
82 202
82 262
83 225
83 194
83 274
83 170
83 199
83 264
83 136
83 126
83 168
83 169
83 101
83 111
83 153
83 193
83 148
83 94
83 115
83 182
83 108
83 203
83 121
83 127
83 123
83 224
83 284
83 154
83 146
83 140
83 144
83 204
83 180
83 116
83 89
83 272
83 234
83 243
83 266
83 118
83 263
83 86
83 105
83 197
84 286
84 177
84 276
84 100
84 216
84 277
84 104
84 138
84 221
84 187
84 169
84 193
84 178
84 148
84 226
84 129
84 182
84 203
84 137
84 237
84 121
84 215
84 300
84 151
84 131
84 133
84 174
84 287
84 223
84 89
84 272
84 234
84 191
84 141
84 142
84 263
84 202
84 197
84 262
85 161
85 232
85 122
85 246
85 268
85 97
85 106
85 157
85 233
85 230
85 253
85 249
85 265
85 205
85 150
85 103
85 212
85 258
85 176
85 235
85 120
85 165
85 271
85 252
85 198
85 143
85 248
85 185
85 128
85 149
85 218
85 90
85 145
85 164
85 110
85 269
85 88
85 213
85 207
85 130
85 275
85 289
85 247
86 298
86 156
86 168
86 101
86 111
86 94
86 115
86 108
86 127
86 123
86 224
86 284
86 154
86 146
86 140
86 144
86 204
86 155
86 180
86 116
86 266
86 118
86 105
87 283
87 134
87 220
87 139
87 228
87 282
87 209
87 236
87 96
87 196
87 259
87 163
87 173
87 184
87 231
87 267
87 160
87 290
87 227
87 107
87 210
87 208
87 172
87 280
87 249
87 175
87 257
87 132
87 279
87 98
87 117
87 214
87 245
87 124
87 190
87 278
87 240
87 288
88 157
88 233
88 253
88 205
88 150
88 103
88 212
88 258
88 176
88 235
88 120
88 165
88 271
88 252
88 198
88 143
88 248
88 185
88 149
88 218
88 145
88 164
88 110
88 269
88 213
88 207
88 275
88 289
88 247
88 273
88 92
88 170
88 199
88 264
88 298
88 156
88 168
88 101
88 111
89 291
89 194
89 274
89 136
89 277
89 126
89 169
89 153
89 193
89 148
89 115
89 182
89 108
89 203
89 137
89 121
89 127
89 123
89 154
89 146
89 204
89 133
89 180
89 223
89 272
89 234
89 243
89 266
89 118
89 263
89 105
89 202
89 197
89 262
90 227
90 249
90 175
90 132
90 117
90 265
90 205
90 245
90 124
90 150
90 212
90 288
90 222
90 113
90 176
90 188
90 235
90 114
90 256
90 299
90 271
90 252
90 158
90 99
90 198
90 143
90 200
90 248
90 185
90 128
90 149
90 218
90 95
90 164
90 110
90 183
90 269
90 206
90 213
90 239
90 189
90 130
90 275
90 192
90 251
90 211
90 171
90 225
90 291
90 244
90 194
90 274
90 170
90 199
90 264
90 136
90 126
91 173
91 160
91 93
91 107
91 208
91 172
91 217
91 280
91 257
91 279
91 98
91 214
91 285
91 109
91 124
91 190
91 278
91 240
91 270
91 255
91 288
91 242
91 222
91 113
91 114
91 256
91 159
91 112
91 162
91 158
91 99
91 261
91 167
91 294
91 95
91 296
91 183
91 166
91 254
91 181
91 206
91 229
91 119
91 102
91 239
91 260
91 219
91 189
91 241
91 125
91 152
91 295
91 297
91 135
91 147
91 251
91 201
91 195
91 286
91 177
91 276
91 100
91 216
91 104
92 258
92 120
92 165
92 271
92 198
92 149
92 145
92 164
92 269
92 207
92 275
92 289
92 247
92 273
92 170
92 199
92 264
92 298
92 156
92 168
92 101
92 111
92 94
92 123
92 224
92 284
92 140
92 144
92 155
92 180
92 116
93 283
93 293
93 281
93 236
93 259
93 173
93 160
93 107
93 208
93 172
93 217
93 257
93 279
93 98
93 214
93 285
93 109
93 190
93 278
93 240
93 270
93 255
93 242
93 159
93 112
93 162
93 294
94 207
94 275
94 289
94 247
94 225
94 273
94 274
94 170
94 199
94 264
94 136
94 298
94 126
94 156
94 168
94 101
94 111
94 115
94 108
94 127
94 123
94 224
94 284
94 154
94 146
94 140
94 144
94 204
94 155
94 180
94 116
94 266
94 118
95 227
95 210
95 280
95 249
95 175
95 132
95 279
95 117
95 265
95 214
95 245
95 124
95 190
95 278
95 240
95 212
95 288
95 222
95 113
95 176
95 188
95 235
95 114
95 256
95 299
95 112
95 252
95 158
95 99
95 261
95 143
95 200
95 185
95 128
95 167
95 296
95 110
95 183
95 166
95 254
95 206
95 213
95 229
95 119
95 102
95 239
95 260
95 219
95 189
95 130
95 125
95 152
95 192
95 297
95 135
95 251
95 211
95 171
95 225
95 291
95 244
95 286
95 177
95 194
95 274
95 136
95 277
95 169
96 283
96 134
96 220
96 139
96 228
96 282
96 209
96 236
96 238
96 196
96 259
96 163
96 173
96 268
96 184
96 231
96 267
96 160
96 97
96 290
96 227
96 107
96 210
96 208
96 172
96 280
96 249
96 175
96 257
96 132
96 279
96 117
96 214
96 245
96 124
96 190
96 278
96 240
96 288
96 222
96 113
96 114
97 292
97 250
97 134
97 220
97 186
97 228
97 161
97 282
97 209
97 232
97 122
97 238
97 196
97 163
97 246
97 268
97 184
97 231
97 267
97 290
97 106
97 227
97 233
97 230
97 210
97 280
97 249
97 175
97 132
97 117
97 265
97 205
97 245
97 124
97 150
97 212
97 176
97 188
97 235
97 299
97 252
97 143
97 185
98 283
98 139
98 293
98 281
98 236
98 196
98 259
98 173
98 160
98 107
98 208
98 172
98 217
98 280
98 257
98 279
98 214
98 285
98 109
98 124
98 190
98 278
98 240
98 270
98 255
98 288
98 242
98 222
98 113
98 114
98 256
98 159
98 112
98 162
98 158
98 99
98 261
98 167
98 294
98 296
98 166
98 254
98 181
98 206
98 229
98 119
98 102
98 260
98 219
98 125
98 152
99 173
99 160
99 107
99 210
99 208
99 172
99 280
99 175
99 257
99 132
99 279
99 117
99 214
99 285
99 245
99 124
99 190
99 278
99 240
99 288
99 242
99 222
99 113
99 188
99 114
99 256
99 299
99 112
99 162
99 158
99 261
99 200
99 128
99 167
99 294
99 296
99 183
99 166
99 254
99 181
99 206
99 229
99 119
99 102
99 239
99 260
99 219
99 189
99 125
99 152
99 192
99 297
99 135
99 147
99 251
99 211
99 201
99 171
99 291
99 244
99 286
99 177
99 194
99 216
99 277
99 104
100 159
100 112
100 162
100 261
100 167
100 294
100 296
100 166
100 254
100 181
100 229
100 119
100 102
100 260
100 219
100 241
100 125
100 152
100 295
100 297
100 135
100 147
100 201
100 195
100 286
100 177
100 276
100 216
100 277
100 104
100 138
100 221
100 187
100 178
100 148
100 226
100 129
100 137
100 237
100 215
100 300
100 151
100 131
100 174
100 287
100 223
100 191
100 141
100 142
101 145
101 164
101 269
101 207
101 275
101 289
101 247
101 225
101 273
101 274
101 170
101 199
101 264
101 298
101 126
101 156
101 168
101 111
101 115
101 108
101 127
101 123
101 224
101 284
101 154
101 146
101 140
101 144
101 204
101 155
101 180
101 116
101 266
102 257
102 279
102 214
102 285
102 109
102 190
102 278
102 240
102 270
102 255
102 288
102 242
102 222
102 113
102 114
102 256
102 159
102 112
102 162
102 158
102 261
102 167
102 294
102 296
102 183
102 166
102 254
102 181
102 206
102 229
102 119
102 239
102 260
102 219
102 189
102 241
102 125
102 152
102 295
102 192
102 297
102 135
102 147
102 251
102 211
102 201
102 171
102 195
102 291
102 244
102 286
102 177
102 276
102 194
102 216
102 277
102 104
102 138
102 221
102 187
102 178
102 226
103 179
103 186
103 161
103 232
103 122
103 246
103 106
103 157
103 233
103 230
103 253
103 265
103 205
103 150
103 212
103 258
103 176
103 235
103 120
103 165
103 271
103 252
103 198
103 143
103 248
103 185
103 149
103 218
103 145
103 164
103 110
103 269
103 213
103 207
103 275
103 289
103 247
104 112
104 261
104 167
104 294
104 296
104 183
104 166
104 254
104 206
104 229
104 119
104 239
104 260
104 219
104 189
104 241
104 125
104 152
104 295
104 192
104 297
104 135
104 147
104 251
104 211
104 201
104 171
104 195
104 291
104 244
104 286
104 177
104 276
104 194
104 216
104 277
104 138
104 221
104 187
104 169
104 153
104 193
104 178
104 148
104 226
104 129
104 182
104 203
104 137
104 237
104 121
104 215
104 300
104 151
104 131
104 133
104 174
104 287
104 223
104 141
104 142
104 202
105 136
105 126
105 169
105 153
105 193
105 148
105 115
105 182
105 108
105 203
105 121
105 127
105 123
105 154
105 146
105 144
105 204
105 133
105 180
105 116
105 272
105 234
105 243
105 266
105 118
105 263
105 197
106 292
106 250
106 179
106 186
106 161
106 232
106 122
106 246
106 157
106 233
106 230
106 253
106 205
106 150
106 258
106 120
106 165
106 271
106 198
106 149
106 145
107 283
107 139
107 293
107 281
107 236
107 196
107 259
107 163
107 173
107 267
107 160
107 208
107 172
107 217
107 280
107 257
107 132
107 279
107 214
107 285
107 109
107 124
107 190
107 278
107 240
107 270
107 255
107 288
107 242
107 222
107 113
107 114
107 256
107 159
107 112
107 162
107 261
107 167
107 294
107 296
107 254
108 130
108 275
108 171
108 225
108 291
108 194
108 274
108 170
108 199
108 264
108 136
108 298
108 126
108 168
108 169
108 111
108 153
108 193
108 115
108 182
108 203
108 121
108 127
108 123
108 224
108 284
108 154
108 146
108 140
108 144
108 204
108 155
108 180
108 116
108 272
108 234
108 243
108 266
108 118
108 263
108 197
109 293
109 281
109 236
109 259
109 173
109 160
109 208
109 172
109 217
109 257
109 279
109 214
109 285
109 190
109 278
109 240
109 270
109 255
109 242
109 159
109 112
109 162
109 261
109 167
109 294
109 296
109 254
109 181
109 229
109 260
109 219
109 241
109 295
109 147
110 230
110 249
110 117
110 265
110 205
110 150
110 212
110 258
110 176
110 188
110 235
110 120
110 299
110 165
110 271
110 252
110 198
110 143
110 200
110 248
110 185
110 128
110 149
110 218
110 145
110 164
110 269
110 213
110 239
110 207
110 189
110 130
110 275
110 192
110 289
110 211
110 247
110 225
110 273
110 274
110 170
110 199
110 264
110 136
110 298
110 126
110 168
111 164
111 269
111 213
111 207
111 130
111 275
111 289
111 247
111 225
111 273
111 274
111 170
111 199
111 264
111 136
111 298
111 126
111 156
111 168
111 115
111 127
111 123
111 224
111 284
111 154
111 146
111 140
111 144
111 204
111 155
111 180
111 116
111 266
112 259
112 173
112 160
112 208
112 172
112 217
112 280
112 257
112 132
112 279
112 214
112 285
112 124
112 190
112 278
112 240
112 270
112 255
112 288
112 242
112 222
112 113
112 114
112 256
112 159
112 162
112 158
112 261
112 167
112 294
112 296
112 183
112 166
112 254
112 181
112 206
112 229
112 119
112 239
112 260
112 219
112 189
112 241
112 125
112 152
112 295
112 297
112 135
112 147
112 251
112 201
112 195
112 244
112 286
112 177
112 276
112 216
113 196
113 259
113 163
113 173
113 231
113 267
113 160
113 227
113 210
113 208
113 172
113 217
113 280
113 249
113 175
113 257
113 132
113 279
113 117
113 214
113 285
113 245
113 124
113 190
113 278
113 240
113 288
113 242
113 222
113 188
113 114
113 256
113 299
113 162
113 158
113 261
113 200
113 128
113 167
113 294
113 296
113 183
113 166
113 254
113 206
113 229
113 119
113 239
113 260
113 219
113 189
113 125
113 152
113 192
113 297
113 135
113 147
113 251
113 211
113 171
113 291
113 244
113 286
113 177
114 196
114 259
114 163
114 173
114 231
114 267
114 160
114 227
114 210
114 208
114 172
114 280
114 249
114 175
114 257
114 132
114 279
114 117
114 214
114 245
114 124
114 190
114 278
114 240
114 288
114 242
114 222
114 188
114 256
114 299
114 158
114 261
114 200
114 128
114 167
114 294
114 296
114 183
114 166
114 254
114 206
114 229
114 119
114 239
114 260
114 219
114 189
114 125
114 152
114 192
114 297
114 135
114 147
114 251
114 211
114 171
114 291
114 244
114 286
114 177
114 194
115 130
115 275
115 192
115 251
115 211
115 171
115 225
115 291
115 244
115 194
115 274
115 170
115 199
115 264
115 136
115 298
115 277
115 126
115 168
115 169
115 153
115 193
115 148
115 182
115 203
115 121
115 127
115 123
115 224
115 284
115 154
115 146
115 140
115 144
115 204
115 180
115 116
115 272
115 234
115 243
115 266
115 118
115 263
115 197
116 247
116 273
116 170
116 199
116 264
116 298
116 126
116 156
116 168
116 127
116 123
116 224
116 284
116 154
116 146
116 140
116 144
116 204
116 155
116 180
116 266
116 118
117 134
117 220
117 139
117 228
117 282
117 209
117 232
117 122
117 238
117 196
117 163
117 173
117 246
117 268
117 184
117 231
117 267
117 160
117 290
117 227
117 230
117 210
117 280
117 249
117 175
117 132
117 279
117 265
117 214
117 205
117 245
117 124
117 150
117 190
117 278
117 240
117 212
117 288
117 222
117 176
117 188
117 235
117 256
117 299
117 252
117 158
117 143
117 200
117 185
117 128
117 218
117 183
117 206
117 239
117 189
117 130
118 136
118 126
118 169
118 153
118 193
118 182
118 203
118 121
118 127
118 123
118 284
118 154
118 146
118 144
118 204
118 180
118 272
118 234
118 243
118 266
118 263
118 197
119 257
119 279
119 214
119 285
119 124
119 190
119 278
119 240
119 288
119 242
119 222
119 188
119 256
119 159
119 299
119 162
119 158
119 261
119 200
119 167
119 294
119 296
119 183
119 166
119 254
119 181
119 206
119 229
119 239
119 260
119 219
119 189
119 241
119 125
119 152
119 295
119 192
119 297
119 135
119 147
119 251
119 211
119 201
119 171
119 195
119 291
119 244
119 286
119 177
119 276
119 194
119 216
119 277
119 138
119 221
119 187
119 178
119 148
119 226
120 157
120 233
120 230
120 253
120 205
120 150
120 212
120 258
120 176
120 235
120 165
120 271
120 252
120 198
120 143
120 248
120 185
120 149
120 218
120 145
120 164
120 269
120 213
120 207
120 275
120 289
120 247
120 273
120 298
121 189
121 192
121 297
121 251
121 211
121 171
121 225
121 291
121 244
121 286
121 177
121 194
121 274
121 216
121 136
121 277
121 126
121 187
121 169
121 153
121 193
121 148
121 226
121 182
121 203
121 137
121 127
121 154
121 146
121 204
121 133
121 223
121 272
121 234
121 243
121 263
121 202
121 197
121 262
122 292
122 250
122 134
122 220
122 179
122 186
122 228
122 161
122 282
122 209
122 232
122 238
122 246
122 268
122 184
122 231
122 290
122 227
122 157
122 233
122 230
122 253
122 249
122 265
122 205
122 150
122 212
122 176
122 235
123 275
123 247
123 225
123 273
123 274
123 170
123 199
123 264
123 136
123 298
123 126
123 156
123 168
123 169
123 153
123 193
123 203
123 127
123 224
123 284
123 154
123 146
123 140
123 144
123 204
123 155
123 180
123 272
123 243
123 266
124 139
124 228
124 282
124 209
124 196
124 259
124 163
124 173
124 268
124 184
124 231
124 267
124 160
124 290
124 227
124 210
124 208
124 172
124 280
124 249
124 175
124 257
124 132
124 279
124 265
124 214
124 245
124 190
124 278
124 240
124 212
124 288
124 222
124 188
124 235
124 256
124 299
124 158
124 261
124 200
124 128
124 167
124 296
124 183
124 166
124 206
124 239
124 189
124 192
124 297
124 251
124 211
125 214
125 190
125 278
125 240
125 270
125 288
125 242
125 222
125 256
125 159
125 162
125 158
125 261
125 167
125 294
125 296
125 183
125 166
125 254
125 181
125 206
125 229
125 239
125 260
125 219
125 189
125 241
125 152
125 295
125 192
125 297
125 135
125 147
125 251
125 211
125 201
125 171
125 195
125 291
125 244
125 286
125 177
125 276
125 194
125 216
125 277
125 138
125 221
125 187
125 178
125 148
125 226
125 129
125 137
126 252
126 143
126 248
126 185
126 128
126 218
126 269
126 213
126 239
126 189
126 130
126 275
126 192
126 251
126 211
126 171
126 247
126 225
126 291
126 244
126 194
126 274
126 170
126 199
126 264
126 136
126 298
126 168
126 169
126 153
126 193
126 148
126 182
126 203
126 127
126 224
126 284
126 154
126 146
126 140
126 144
126 204
126 180
126 272
126 243
126 266
127 130
127 192
127 211
127 171
127 225
127 291
127 244
127 194
127 274
127 170
127 199
127 264
127 136
127 277
127 168
127 169
127 153
127 193
127 148
127 182
127 203
127 224
127 284
127 154
127 146
127 140
127 144
127 204
127 133
127 180
127 272
127 234
127 243
127 266
127 263
127 197
128 290
128 227
128 210
128 280
128 249
128 175
128 132
128 265
128 205
128 245
128 150
128 212
128 288
128 222
128 176
128 188
128 235
128 256
128 299
128 271
128 252
128 158
128 143
128 200
128 248
128 185
128 149
128 218
128 164
128 183
128 166
128 269
128 206
128 213
128 239
128 189
128 130
128 275
128 192
128 297
128 251
128 211
128 171
128 225
128 291
128 244
128 194
128 274
128 170
128 264
128 136
129 219
129 241
129 152
129 295
129 135
129 147
129 201
129 195
129 286
129 177
129 276
129 216
129 138
129 221
129 187
129 178
129 226
129 137
129 237
129 215
129 300
129 151
129 131
129 133
129 174
129 287
129 223
129 191
129 141
129 142
129 202
129 262
130 265
130 245
130 150
130 212
130 288
130 176
130 188
130 235
130 256
130 299
130 271
130 252
130 158
130 143
130 200
130 248
130 185
130 149
130 218
130 145
130 164
130 183
130 269
130 206
130 213
130 239
130 189
130 275
130 192
130 251
130 211
130 171
130 225
130 291
130 244
130 194
130 274
130 170
130 199
130 264
130 136
130 168
130 169
130 153
130 193
130 182
130 203
131 201
131 195
131 286
131 276
131 216
131 138
131 221
131 187
131 178
131 148
131 226
131 137
131 237
131 215
131 300
131 151
131 133
131 174
131 287
131 223
131 191
131 141
131 142
131 202
131 262
132 134
132 220
132 139
132 228
132 282
132 209
132 238
132 196
132 259
132 163
132 173
132 268
132 184
132 231
132 267
132 160
132 290
132 227
132 210
132 208
132 172
132 280
132 249
132 175
132 257
132 279
132 265
132 214
132 245
132 150
132 190
132 278
132 240
132 212
132 288
132 222
132 176
132 188
132 235
132 256
132 299
132 158
132 261
132 200
132 167
132 296
132 183
132 166
132 206
132 239
132 189
133 291
133 244
133 286
133 177
133 194
133 216
133 277
133 138
133 221
133 187
133 169
133 153
133 193
133 178
133 148
133 226
133 182
133 203
133 137
133 237
133 215
133 300
133 151
133 146
133 174
133 287
133 223
133 272
133 234
133 191
133 243
133 141
133 142
133 263
133 202
133 197
133 262
134 250
134 220
134 139
134 228
134 282
134 209
134 232
134 238
134 196
134 163
134 246
134 268
134 184
134 231
134 267
134 290
134 227
134 230
134 210
134 280
134 249
134 175
134 265
134 245
135 214
135 190
135 278
135 240
135 288
135 242
135 222
135 256
135 159
135 162
135 158
135 261
135 167
135 294
135 296
135 183
135 166
135 254
135 181
135 206
135 229
135 239
135 260
135 219
135 189
135 241
135 152
135 295
135 192
135 297
135 147
135 251
135 211
135 201
135 171
135 195
135 291
135 244
135 286
135 177
135 276
135 194
135 216
135 277
135 138
135 221
135 187
135 178
135 148
135 226
135 137
136 299
136 200
136 185
136 218
136 183
136 269
136 213
136 239
136 189
136 275
136 192
136 297
136 251
136 211
136 171
136 225
136 291
136 244
136 177
136 194
136 274
136 170
136 199
136 264
136 277
136 168
136 169
136 153
136 193
136 148
136 182
136 203
136 154
136 146
136 204
136 272
136 234
136 243
136 263
137 260
137 152
137 297
137 147
137 201
137 171
137 195
137 291
137 244
137 286
137 177
137 276
137 194
137 216
137 277
137 138
137 221
137 187
137 169
137 153
137 193
137 178
137 148
137 226
137 182
137 203
137 237
137 215
137 300
137 151
137 174
137 287
137 223
137 234
137 191
137 141
137 142
137 263
137 202
137 262
138 162
138 294
138 296
138 254
138 181
138 229
138 260
138 219
138 241
138 152
138 295
138 297
138 147
138 201
138 195
138 286
138 177
138 276
138 216
138 277
138 221
138 187
138 178
138 148
138 226
138 237
138 215
138 300
138 151
138 174
138 287
138 223
138 191
138 141
138 142
139 283
139 220
139 293
139 228
139 282
139 209
139 236
139 196
139 259
139 163
139 173
139 184
139 231
139 267
139 160
139 290
139 227
139 210
139 208
139 172
139 217
139 280
139 175
139 257
139 279
139 214
139 245
139 190
139 278
139 240
140 247
140 273
140 170
140 199
140 264
140 298
140 156
140 168
140 224
140 284
140 154
140 144
140 204
140 155
140 180
140 266
141 216
141 221
141 187
141 178
141 226
141 237
141 215
141 300
141 151
141 174
141 287
141 223
141 191
141 142
141 202
141 262
142 216
142 221
142 187
142 178
142 148
142 226
142 237
142 215
142 300
142 151
142 174
142 287
142 223
142 191
142 202
142 262
143 246
143 230
143 249
143 265
143 205
143 245
143 150
143 212
143 258
143 176
143 188
143 235
143 299
143 165
143 271
143 252
143 198
143 200
143 248
143 185
143 149
143 218
143 145
143 164
143 269
143 213
143 239
143 207
143 275
143 192
143 289
143 247
143 225
143 274
143 170
143 199
143 264
144 247
144 225
144 273
144 170
144 199
144 264
144 298
144 156
144 168
144 224
144 284
144 154
144 146
144 204
144 155
144 180
144 266
145 157
145 233
145 230
145 253
145 205
145 150
145 212
145 258
145 176
145 235
145 165
145 271
145 252
145 198
145 248
145 185
145 149
145 218
145 164
145 269
145 213
145 207
145 275
145 289
145 247
145 225
145 273
145 170
145 199
145 264
145 298
145 156
145 168
146 171
146 225
146 291
146 194
146 274
146 170
146 199
146 264
146 168
146 169
146 153
146 193
146 148
146 182
146 203
146 224
146 284
146 154
146 204
146 180
146 272
146 234
146 243
146 266
146 263
146 197
147 214
147 285
147 190
147 278
147 240
147 270
147 255
147 242
147 222
147 256
147 159
147 162
147 158
147 261
147 167
147 294
147 296
147 183
147 166
147 254
147 181
147 206
147 229
147 260
147 219
147 241
147 152
147 295
147 297
147 251
147 201
147 195
147 244
147 286
147 177
147 276
147 216
147 277
147 221
147 187
147 178
147 226
147 237
147 215
147 300
148 206
148 239
148 189
148 152
148 192
148 297
148 251
148 211
148 171
148 291
148 244
148 286
148 177
148 194
148 274
148 216
148 277
148 221
148 187
148 169
148 153
148 193
148 178
148 226
148 182
148 203
148 300
148 174
148 223
148 272
148 234
148 243
148 263
148 202
148 197
148 262
149 157
149 233
149 230
149 253
149 265
149 205
149 150
149 212
149 258
149 176
149 235
149 165
149 271
149 252
149 198
149 248
149 185
149 218
149 164
149 269
149 213
149 207
149 275
149 289
149 247
149 225
149 273
149 170
149 199
149 264
149 298
149 156
149 168
150 250
150 161
150 282
150 209
150 232
150 238
150 246
150 268
150 184
150 231
150 290
150 227
150 157
150 233
150 230
150 210
150 253
150 249
150 175
150 265
150 205
150 245
150 212
150 258
150 176
150 188
150 235
150 299
150 165
150 271
150 252
150 198
150 200
150 248
150 185
150 218
150 164
150 269
150 213
150 275
151 201
151 195
151 286
151 276
151 216
151 221
151 187
151 178
151 226
151 237
151 215
151 300
151 174
151 287
151 223
151 191
151 202
151 262
152 214
152 285
152 190
152 278
152 240
152 270
152 255
152 288
152 242
152 222
152 256
152 159
152 162
152 158
152 261
152 167
152 294
152 296
152 183
152 166
152 254
152 181
152 206
152 229
152 239
152 260
152 219
152 189
152 241
152 295
152 192
152 297
152 251
152 211
152 201
152 171
152 195
152 291
152 244
152 286
152 177
152 276
152 194
152 216
152 277
152 221
152 187
152 178
152 226
153 239
153 189
153 192
153 297
153 251
153 211
153 171
153 225
153 291
153 244
153 177
153 194
153 274
153 170
153 216
153 199
153 264
153 277
153 187
153 169
153 193
153 226
153 182
153 203
153 154
153 204
153 272
153 234
153 243
153 266
153 263
153 197
154 225
154 274
154 170
154 199
154 264
154 298
154 156
154 168
154 169
154 193
154 182
154 203
154 224
154 284
154 204
154 155
154 180
154 272
154 234
154 243
154 266
154 263
154 197
155 247
155 273
155 199
155 264
155 298
155 156
155 168
155 224
155 284
155 204
155 180
155 266
156 198
156 164
156 207
156 275
156 289
156 247
156 273
156 170
156 199
156 264
156 298
156 168
156 224
156 284
156 180
157 292
157 179
157 186
157 161
157 232
157 246
157 233
157 230
157 253
157 205
157 258
157 165
157 271
157 198
157 164
158 163
158 267
158 160
158 227
158 210
158 208
158 172
158 280
158 249
158 175
158 257
158 279
158 214
158 245
158 190
158 278
158 240
158 288
158 222
158 188
158 235
158 256
158 299
158 261
158 200
158 167
158 294
158 296
158 183
158 166
158 254
158 206
158 229
158 239
158 260
158 219
158 189
158 192
158 297
158 251
158 211
158 171
158 291
158 244
158 286
158 177
158 194
158 216
158 277
159 208
159 172
159 217
159 257
159 214
159 285
159 190
159 278
159 240
159 270
159 255
159 242
159 162
159 261
159 167
159 294
159 296
159 166
159 254
159 181
159 229
159 260
159 219
159 241
159 295
159 201
159 195
159 276
160 283
160 293
160 281
160 228
160 236
160 196
160 259
160 163
160 173
160 231
160 267
160 290
160 227
160 210
160 208
160 172
160 217
160 280
160 249
160 175
160 257
160 279
160 214
160 285
160 245
160 190
160 278
160 240
160 288
160 222
160 256
160 261
161 292
161 250
161 179
161 186
161 232
161 238
161 246
161 268
161 233
161 230
161 253
161 205
162 208
162 172
162 217
162 257
162 214
162 285
162 190
162 278
162 240
162 270
162 255
162 242
162 261
162 167
162 294
162 296
162 166
162 254
162 181
162 206
162 229
162 260
162 219
162 241
162 295
162 201
162 195
162 286
162 276
163 283
163 220
163 228
163 282
163 209
163 236
163 238
163 196
163 259
163 173
163 268
163 184
163 231
163 267
163 290
163 227
163 210
163 208
163 172
163 280
163 249
163 175
163 257
163 279
163 265
163 214
163 245
163 190
163 278
163 240
163 288
163 222
163 188
163 256
163 299
164 233
164 230
164 253
164 265
164 205
164 212
164 258
164 176
164 235
164 165
164 271
164 252
164 198
164 248
164 185
164 218
164 269
164 213
164 207
164 275
164 289
164 247
164 225
164 273
164 170
164 199
164 264
164 298
164 168
165 233
165 230
165 253
165 205
165 212
165 258
165 176
165 235
165 271
165 252
165 198
165 248
165 185
165 218
165 269
165 213
165 207
165 275
165 289
165 247
165 273
165 298
166 208
166 172
166 280
166 175
166 257
166 279
166 214
166 245
166 190
166 278
166 240
166 288
166 242
166 222
166 188
166 256
166 299
166 261
166 200
166 167
166 294
166 296
166 183
166 254
166 181
166 206
166 229
166 239
166 260
166 219
166 189
166 241
166 192
166 297
166 251
166 211
166 201
166 171
166 195
166 291
166 244
166 286
166 177
166 276
166 194
166 216
166 277
166 187
167 208
167 172
167 217
167 280
167 175
167 257
167 279
167 214
167 285
167 245
167 190
167 278
167 240
167 270
167 255
167 288
167 242
167 222
167 188
167 256
167 299
167 261
167 200
167 294
167 296
167 183
167 254
167 181
167 206
167 229
167 239
167 260
167 219
167 189
167 241
167 295
167 192
167 297
167 251
167 211
167 201
167 171
167 195
167 291
167 244
167 286
167 177
167 276
167 194
167 216
167 277
167 187
168 248
168 218
168 269
168 213
168 207
168 275
168 289
168 247
168 225
168 273
168 274
168 170
168 199
168 264
168 298
168 224
168 284
168 204
168 180
168 266
169 183
169 239
169 189
169 192
169 297
169 251
169 211
169 171
169 225
169 291
169 244
169 286
169 177
169 194
169 274
169 170
169 216
169 199
169 264
169 277
169 187
169 193
169 226
169 182
169 203
169 204
169 272
169 234
169 243
169 263
169 197
170 176
170 235
170 271
170 252
170 248
170 185
170 218
170 269
170 213
170 239
170 207
170 275
170 192
170 289
170 211
170 171
170 247
170 225
170 291
170 194
170 273
170 274
170 199
170 264
170 298
170 193
170 182
170 203
170 224
170 284
170 204
170 180
170 266
171 288
171 222
171 188
171 256
171 299
171 261
171 200
171 185
171 296
171 183
171 206
171 213
171 239
171 260
171 189
171 192
171 297
171 251
171 211
171 225
171 291
171 244
171 286
171 177
171 194
171 274
171 216
171 277
171 187
171 193
171 226
171 182
171 203
172 283
172 293
172 281
172 236
172 196
172 259
172 173
172 267
172 210
172 208
172 217
172 280
172 175
172 257
172 279
172 214
172 285
172 190
172 278
172 240
172 270
172 255
172 288
172 242
172 222
172 256
172 261
172 294
172 296
172 254
172 229
173 283
173 293
173 281
173 228
173 236
173 196
173 259
173 231
173 267
173 227
173 210
173 208
173 217
173 280
173 175
173 257
173 279
173 214
173 285
173 245
173 190
173 278
173 240
173 288
173 242
173 222
173 256
173 261
174 195
174 286
174 177
174 276
174 216
174 277
174 221
174 187
174 178
174 226
174 237
174 215
174 300
174 287
174 223
174 191
174 202
174 262
175 220
175 228
175 282
175 209
175 238
175 196
175 259
175 268
175 184
175 231
175 267
175 290
175 227
175 210
175 208
175 280
175 249
175 257
175 279
175 265
175 214
175 245
175 190
175 278
175 240
175 212
175 288
175 222
175 176
175 188
175 235
175 256
175 299
175 261
175 200
175 185
175 183
175 206
175 239
175 189
176 232
176 238
176 246
176 268
176 184
176 290
176 227
176 233
176 230
176 249
176 265
176 205
176 245
176 212
176 258
176 188
176 235
176 299
176 271
176 252
176 198
176 200
176 248
176 185
176 218
176 269
176 213
176 239
176 207
176 275
176 225
176 274
177 222
177 256
177 261
177 294
177 296
177 183
177 254
177 206
177 229
177 239
177 260
177 219
177 189
177 241
177 295
177 192
177 297
177 251
177 211
177 201
177 195
177 291
177 244
177 286
177 276
177 194
177 216
177 277
177 221
177 187
177 193
177 178
177 226
177 182
177 203
177 215
177 300
177 223
178 254
178 229
178 260
178 219
178 241
178 295
178 297
178 201
178 195
178 244
178 286
178 276
178 216
178 277
178 221
178 187
178 226
178 237
178 215
178 300
178 287
178 223
178 191
178 202
178 262
179 292
179 250
179 186
179 232
179 246
179 233
179 230
179 253
179 205
180 247
180 225
180 273
180 274
180 199
180 264
180 298
180 203
180 224
180 284
180 204
180 272
180 243
180 266
181 217
181 257
181 214
181 285
181 190
181 278
181 240
181 270
181 255
181 242
181 261
181 294
181 296
181 254
181 206
181 229
181 260
181 219
181 241
181 295
181 297
181 201
181 195
181 286
181 276
181 216
181 221
182 239
182 189
182 192
182 297
182 251
182 211
182 225
182 291
182 244
182 286
182 194
182 274
182 216
182 264
182 277
182 187
182 193
182 226
182 203
182 204
182 223
182 272
182 234
182 243
182 263
182 202
182 197
183 210
183 280
183 279
183 214
183 245
183 190
183 278
183 240
183 288
183 222
183 188
183 235
183 256
183 299
183 261
183 200
183 185
183 296
183 254
183 206
183 229
183 239
183 260
183 219
183 189
183 192
183 297
183 251
183 211
183 291
183 244
183 286
183 194
183 274
183 216
183 277
183 187
184 250
184 220
184 228
184 282
184 209
184 232
184 238
184 196
184 246
184 268
184 231
184 267
184 290
184 227
184 230
184 210
184 280
184 249
184 279
184 265
184 205
184 245
184 212
184 288
184 188
184 235
184 299
185 230
185 249
185 265
185 205
185 245
185 212
185 288
185 188
185 235
185 299
185 271
185 252
185 198
185 200
185 248
185 218
185 269
185 213
185 239
185 189
185 275
185 192
185 251
185 211
185 225
185 291
185 194
185 274
185 199
185 264
186 292
186 250
186 209
186 232
186 238
186 246
186 268
186 233
186 230
186 253
186 205
187 296
187 254
187 206
187 229
187 239
187 260
187 219
187 189
187 192
187 297
187 251
187 211
187 201
187 195
187 291
187 244
187 286
187 276
187 194
187 216
187 277
187 221
187 193
187 226
187 203
187 237
187 215
187 300
187 287
187 223
187 234
187 202
187 262
188 268
188 231
188 267
188 290
188 227
188 210
188 280
188 249
188 279
188 265
188 214
188 245
188 190
188 278
188 240
188 212
188 288
188 222
188 235
188 256
188 299
188 252
188 261
188 200
188 248
188 218
188 296
188 269
188 206
188 213
188 239
188 189
188 275
188 192
188 297
188 251
188 211
188 225
188 291
188 244
188 194
189 245
189 190
189 278
189 240
189 288
189 222
189 235
189 256
189 299
189 261
189 200
189 296
189 254
189 206
189 213
189 229
189 239
189 260
189 219
189 192
189 297
189 251
189 211
189 225
189 291
189 244
189 286
189 194
189 274
189 216
189 277
189 193
189 203
190 236
190 196
190 259
190 231
190 267
190 227
190 210
190 208
190 217
190 280
190 249
190 257
190 279
190 214
190 285
190 245
190 278
190 240
190 270
190 255
190 288
190 242
190 222
190 256
190 299
190 261
190 200
190 294
190 296
190 254
190 206
190 229
190 239
190 260
190 219
190 297
191 276
191 221
191 226
191 237
191 215
191 300
191 287
191 223
191 202
191 262
192 245
192 288
192 222
192 235
192 256
192 299
192 252
192 261
192 200
192 218
192 296
192 206
192 213
192 239
192 260
192 275
192 297
192 251
192 211
192 225
192 291
192 244
192 286
192 194
192 274
192 216
192 264
192 277
192 193
192 203
193 239
193 297
193 251
193 211
193 225
193 291
193 244
193 286
193 194
193 274
193 216
193 199
193 264
193 277
193 226
193 203
193 204
193 272
193 234
193 243
193 263
193 197
194 222
194 256
194 299
194 200
194 296
194 206
194 239
194 260
194 297
194 251
194 211
194 225
194 291
194 244
194 286
194 274
194 216
194 264
194 277
194 226
194 203
194 272
194 234
195 242
195 261
195 294
195 296
195 254
195 206
195 229
195 260
195 219
195 241
195 295
195 297
195 201
195 286
195 276
195 216
195 277
195 221
195 226
195 237
195 215
195 300
195 287
196 283
196 220
196 228
196 282
196 209
196 236
196 238
196 259
196 268
196 231
196 267
196 290
196 227
196 210
196 208
196 217
196 280
196 249
196 257
196 279
196 214
196 245
196 278
196 240
196 288
196 222
196 256
197 203
197 204
197 223
197 272
197 234
197 243
197 266
197 263
197 202
197 262
198 233
198 230
198 253
198 265
198 205
198 212
198 258
198 235
198 271
198 252
198 248
198 218
198 269
198 213
198 207
198 275
198 289
198 247
198 273
198 298
199 271
199 252
199 248
199 218
199 269
199 213
199 207
199 275
199 289
199 247
199 225
199 273
199 274
199 264
199 298
199 203
199 224
199 284
199 204
199 266
200 231
200 267
200 290
200 227
200 210
200 280
200 249
200 279
200 265
200 245
200 278
200 212
200 288
200 222
200 235
200 256
200 299
200 252
200 261
200 248
200 218
200 296
200 269
200 206
200 213
200 239
200 275
200 297
200 251
200 211
200 225
200 291
200 244
200 274
201 270
201 255
201 242
201 261
201 294
201 296
201 254
201 206
201 229
201 260
201 219
201 241
201 295
201 297
201 286
201 276
201 216
201 277
201 221
201 226
201 237
201 215
201 300
202 226
202 237
202 215
202 300
202 287
202 223
202 272
202 234
202 263
202 262
203 239
203 251
203 211
203 225
203 291
203 244
203 274
203 264
203 277
203 226
203 204
203 272
203 234
203 243
203 266
203 263
204 225
204 274
204 264
204 298
204 224
204 284
204 272
204 234
204 243
204 266
204 263
205 292
205 250
205 282
205 209
205 232
205 238
205 246
205 268
205 290
205 233
205 230
205 253
205 249
205 265
205 212
205 258
205 235
205 271
205 252
205 248
205 218
205 269
205 213
205 207
205 275
206 280
206 257
206 279
206 214
206 245
206 278
206 240
206 288
206 242
206 222
206 256
206 299
206 261
206 294
206 296
206 254
206 229
206 239
206 260
206 219
206 297
206 251
206 211
206 291
206 244
206 286
206 276
206 216
206 277
207 258
207 271
207 252
207 248
207 218
207 269
207 213
207 275
207 289
207 247
207 273
207 264
207 298
208 283
208 293
208 281
208 228
208 236
208 259
208 267
208 210
208 217
208 280
208 257
208 279
208 214
208 285
208 245
208 278
208 240
208 270
208 255
208 288
208 242
208 222
208 256
208 261
208 294
208 296
208 254
208 229
209 292
209 250
209 220
209 228
209 282
209 232
209 238
209 246
209 268
209 231
209 267
209 290
209 227
209 230
209 210
209 280
209 249
209 265
209 245
209 212
210 283
210 220
210 228
210 282
210 238
210 259
210 268
210 231
210 267
210 290
210 227
210 280
210 249
210 257
210 279
210 265
210 214
210 245
210 278
210 240
210 212
210 288
210 222
210 235
210 256
210 299
210 261
211 245
211 288
211 222
211 235
211 256
211 299
211 261
211 296
211 213
211 239
211 260
211 275
211 297
211 251
211 225
211 291
211 244
211 286
211 274
211 216
211 277
211 226
212 282
212 232
212 238
212 246
212 268
212 231
212 290
212 227
212 233
212 230
212 253
212 249
212 265
212 245
212 288
212 235
212 299
212 271
212 252
212 248
212 218
212 269
212 213
212 239
212 275
213 265
213 258
213 235
213 299
213 271
213 252
213 248
213 218
213 269
213 239
213 275
213 289
213 247
213 225
213 273
213 274
213 264
213 298
214 283
214 236
214 259
214 267
214 217
214 280
214 257
214 279
214 285
214 245
214 278
214 240
214 270
214 255
214 288
214 242
214 222
214 256
214 261
214 294
214 296
214 254
214 229
214 260
214 219
214 297
215 295
215 286
215 276
215 216
215 221
215 226
215 237
215 300
215 287
215 223
215 262
216 261
216 294
216 296
216 254
216 229
216 239
216 260
216 219
216 241
216 295
216 297
216 251
216 291
216 244
216 286
216 276
216 277
216 221
216 226
216 237
216 300
216 287
216 223
217 283
217 293
217 281
217 236
217 259
217 257
217 279
217 285
217 278
217 240
217 270
217 255
217 242
217 261
217 294
217 296
217 254
217 229
218 230
218 249
218 265
218 258
218 235
218 299
218 271
218 252
218 248
218 269
218 239
218 275
218 289
218 247
218 225
218 273
218 274
218 264
218 298
219 257
219 285
219 278
219 240
219 270
219 255
219 242
219 222
219 256
219 261
219 294
219 296
219 254
219 229
219 260
219 241
219 295
219 297
219 251
219 244
219 286
219 276
219 277
219 221
219 226
220 250
220 228
220 282
220 232
220 238
220 246
220 268
220 231
220 267
220 290
220 227
220 230
220 280
220 249
220 265
220 245
221 294
221 296
221 254
221 229
221 260
221 241
221 295
221 297
221 286
221 276
221 277
221 226
221 237
221 300
221 287
221 223
222 259
222 231
222 267
222 290
222 227
222 280
222 249
222 257
222 279
222 265
222 245
222 278
222 240
222 288
222 235
222 256
222 299
222 261
222 294
222 296
222 254
222 229
222 239
222 260
222 297
222 251
222 291
222 244
223 286
223 276
223 277
223 226
223 237
223 300
223 287
223 272
223 234
223 263
223 262
224 289
224 247
224 273
224 264
224 298
224 284
224 266
225 235
225 299
225 271
225 252
225 248
225 269
225 239
225 275
225 251
225 247
225 291
225 244
225 273
225 274
225 264
225 298
225 284
226 229
226 260
226 297
226 251
226 291
226 244
226 286
226 276
226 277
226 237
226 300
226 287
226 234
226 262
227 250
227 228
227 282
227 232
227 238
227 246
227 268
227 231
227 267
227 290
227 230
227 280
227 249
227 279
227 265
227 245
227 288
227 235
227 256
227 299
228 283
228 250
228 282
228 232
228 238
228 259
228 246
228 268
228 231
228 267
228 290
228 280
228 249
228 279
228 265
228 245
228 288
229 257
229 279
229 285
229 278
229 240
229 270
229 255
229 288
229 242
229 256
229 261
229 294
229 296
229 254
229 239
229 260
229 241
229 295
229 297
229 251
229 244
229 286
229 276
229 277
230 292
230 250
230 282
230 232
230 238
230 246
230 268
230 231
230 290
230 233
230 253
230 249
230 265
230 258
230 235
230 271
230 252
230 248
230 269
231 283
231 250
231 282
231 232
231 238
231 259
231 246
231 268
231 267
231 290
231 280
231 249
231 279
231 265
231 245
231 288
231 235
231 299
232 292
232 250
232 282
232 238
232 246
232 268
232 290
232 233
232 253
232 249
232 265
233 292
233 250
233 246
233 268
233 253
233 265
233 258
233 271
234 277
234 272
234 243
234 266
234 263
234 262
235 238
235 246
235 268
235 290
235 249
235 265
235 245
235 288
235 299
235 271
235 252
235 248
235 269
235 239
235 275
235 274
236 283
236 293
236 281
236 259
236 267
236 280
236 257
236 279
236 285
236 278
236 240
236 270
236 255
236 242
237 241
237 295
237 286
237 276
237 300
237 287
237 262
238 292
238 250
238 282
238 246
238 268
238 267
238 290
238 280
238 249
238 265
238 245
239 279
239 245
239 278
239 288
239 256
239 299
239 252
239 261
239 296
239 260
239 275
239 297
239 251
239 291
239 244
239 286
239 274
239 277
240 259
240 267
240 280
240 257
240 279
240 285
240 245
240 278
240 270
240 255
240 288
240 242
240 256
240 261
240 294
240 296
240 254
240 260
240 241
240 297
241 285
241 270
241 255
241 242
241 261
241 294
241 296
241 254
241 260
241 295
241 286
241 276
242 259
242 257
242 279
242 285
242 278
242 270
242 255
242 256
242 261
242 294
242 296
242 254
242 260
242 295
242 276
243 274
243 272
243 266
243 263
244 288
244 256
244 299
244 261
244 296
244 260
244 297
244 251
244 291
244 286
244 274
244 277
245 282
245 268
245 267
245 290
245 280
245 249
245 279
245 265
245 278
245 288
245 256
245 299
245 252
245 261
245 251
246 292
246 250
246 282
246 268
246 290
246 253
246 249
246 265
246 271
246 252
247 258
247 271
247 252
247 248
247 269
247 275
247 289
247 273
247 264
247 298
247 284
248 249
248 265
248 258
248 299
248 271
248 252
248 269
248 275
248 289
248 273
248 274
248 264
248 298
249 250
249 282
249 268
249 267
249 290
249 280
249 279
249 265
249 288
249 256
249 299
249 252
250 292
250 282
250 268
250 290
250 253
250 265
251 288
251 256
251 299
251 261
251 296
251 254
251 260
251 297
251 291
251 286
251 274
251 277
252 268
252 265
252 258
252 299
252 271
252 269
252 275
252 274
252 264
253 292
253 258
253 271
254 257
254 279
254 285
254 278
254 270
254 255
254 288
254 256
254 261
254 294
254 296
254 260
254 295
254 297
254 286
254 276
254 277
255 293
255 281
255 257
255 285
255 278
255 270
255 261
255 294
255 296
255 260
255 295
256 267
256 280
256 257
256 279
256 278
256 288
256 299
256 261
256 294
256 296
256 260
256 297
256 291
256 286
257 283
257 293
257 281
257 259
257 267
257 280
257 279
257 285
257 278
257 270
257 288
257 261
257 294
257 296
257 260
258 271
258 269
258 275
258 289
258 273
259 283
259 293
259 281
259 267
259 280
259 279
259 285
259 278
259 270
259 288
260 285
260 278
260 270
260 288
260 261
260 294
260 296
260 295
260 297
260 291
260 286
260 276
260 277
261 280
261 279
261 285
261 278
261 270
261 288
261 299
261 294
261 296
261 295
261 297
261 291
261 286
261 276
261 277
262 300
262 287
262 272
262 263
263 277
263 272
263 266
264 271
264 269
264 275
264 289
264 291
264 273
264 274
264 298
264 284
264 266
265 282
265 268
265 267
265 290
265 280
265 288
265 299
265 271
265 269
265 275
266 284
266 272
267 283
267 282
267 268
267 290
267 280
267 279
267 278
267 288
267 299
268 292
268 282
268 290
268 280
268 299
269 299
269 271
269 275
269 289
269 273
269 274
269 298
270 293
270 281
270 285
270 278
270 294
270 296
270 295
271 275
271 289
271 273
271 298
272 274
272 277
273 275
273 289
273 298
273 284
274 299
274 275
274 291
274 298
274 277
275 299
275 289
275 298
276 294
276 296
276 295
276 297
276 286
276 277
276 300
276 287
277 296
277 297
277 291
277 286
277 300
278 280
278 279
278 285
278 288
278 299
278 294
278 296
278 297
279 283
279 290
279 280
279 285
279 288
279 299
279 296
280 283
280 282
280 290
280 288
280 299
280 296
281 283
281 293
281 285
282 292
282 290
283 293
284 298
285 293
285 294
285 296
285 295
286 294
286 296
286 295
286 297
286 291
286 300
286 287
287 300
288 290
288 299
288 296
288 297
288 291
289 298
290 299
291 299
291 296
291 297
294 296
294 295
294 297
295 296
296 299
296 297
297 299
