300 2417
1 77
1 212
1 192
1 261
1 234
1 224
1 32
1 129
1 251
1 200
1 158
1 189
1 216
1 296
1 233
1 295
1 171
1 277
1 59
1 31
1 56
1 244
1 153
2 221
2 45
2 266
2 250
2 66
2 126
2 92
2 51
2 204
2 43
2 226
2 94
2 104
2 230
2 186
2 182
2 33
3 237
3 203
3 141
3 236
3 7
3 70
3 80
3 48
3 225
3 120
3 133
3 184
3 194
3 25
3 143
3 145
3 263
3 95
3 36
4 202
4 228
4 197
4 176
4 173
4 46
4 155
4 252
4 63
4 178
4 135
4 127
4 87
4 262
4 74
5 195
5 278
5 181
5 10
5 177
5 176
5 242
5 229
5 269
5 111
5 180
5 288
5 163
6 91
6 118
6 187
6 138
6 220
6 78
6 274
6 103
6 55
6 77
6 106
6 212
6 192
6 261
6 234
6 224
6 32
6 129
6 251
6 158
6 189
7 268
7 82
7 227
7 125
7 44
7 237
7 154
7 203
7 170
7 141
7 236
7 70
7 48
7 225
7 120
7 133
7 184
7 194
7 143
8 117
8 19
8 170
8 175
8 297
8 225
8 246
8 143
8 157
8 159
8 258
8 282
9 22
9 185
9 209
9 147
9 281
9 140
9 101
9 291
9 105
9 91
9 257
9 102
9 220
9 238
9 78
10 38
10 211
10 60
10 53
10 188
10 195
10 256
10 278
10 181
10 197
10 177
10 176
10 242
10 229
10 63
10 269
10 111
11 42
11 107
11 123
11 169
11 37
11 152
11 88
11 28
11 49
11 271
11 275
11 191
12 111
12 180
12 288
12 163
12 239
13 110
13 136
13 17
13 99
13 58
13 164
13 241
13 68
13 18
13 268
13 213
13 286
13 82
13 285
13 227
13 125
13 154
14 259
14 174
14 65
14 62
14 222
14 41
14 47
14 35
14 146
14 23
14 199
14 254
14 240
14 161
14 243
14 267
14 193
15 128
15 262
15 52
15 137
15 116
15 198
15 270
15 108
15 231
15 160
16 229
16 63
16 178
16 135
16 269
16 87
16 111
16 74
16 163
16 239
16 245
17 185
17 281
17 140
17 291
17 40
17 113
17 110
17 257
17 249
17 102
17 136
17 238
17 99
17 130
17 58
17 148
17 164
17 241
17 68
17 119
18 99
18 58
18 164
18 241
18 68
18 268
18 213
18 286
18 285
18 227
18 125
18 208
18 117
18 154
18 19
18 170
19 213
19 286
19 285
19 125
19 208
19 117
19 154
19 170
19 141
19 175
19 297
19 225
20 56
20 244
20 153
20 26
20 284
20 300
20 25
20 290
20 196
20 61
20 162
20 190
20 34
20 139
20 71
20 67
20 29
20 248
20 93
21 240
21 161
21 243
21 267
21 193
21 219
21 121
21 207
21 76
21 179
21 273
21 30
21 27
21 265
22 276
22 293
22 185
22 209
22 281
22 140
22 101
22 291
22 40
22 113
22 249
22 102
23 83
23 259
23 174
23 122
23 222
23 67
23 47
23 146
23 199
23 172
23 240
23 215
23 161
23 243
23 201
23 115
23 193
24 33
24 167
24 42
24 200
24 37
24 89
24 171
24 223
24 31
24 28
25 131
25 80
25 56
25 48
25 26
25 284
25 184
25 290
25 145
25 196
25 95
25 36
25 162
25 34
25 139
25 69
25 29
25 248
25 283
26 233
26 295
26 277
26 59
26 131
26 31
26 56
26 244
26 153
26 284
26 300
26 290
26 196
26 61
26 162
26 190
26 34
26 139
26 71
27 121
27 207
27 76
27 179
27 273
27 30
27 75
27 265
27 232
27 287
27 73
27 272
27 255
27 109
28 37
28 89
28 152
28 88
28 171
28 223
28 271
28 275
28 151
29 196
29 95
29 36
29 162
29 34
29 139
29 69
29 248
29 283
29 93
29 96
29 39
29 57
29 100
29 64
30 115
30 193
30 280
30 207
30 72
30 76
30 273
30 75
30 294
30 79
30 90
30 232
30 73
30 255
30 253
31 89
31 233
31 295
31 171
31 277
31 59
31 223
31 56
31 244
31 153
31 300
32 220
32 78
32 274
32 103
32 55
32 77
32 106
32 212
32 192
32 261
32 234
32 224
32 129
32 251
32 158
32 189
32 216
32 114
32 296
32 150
32 233
32 277
33 51
33 43
33 226
33 55
33 94
33 104
33 230
33 186
33 182
33 217
33 167
33 42
33 251
33 200
33 89
34 284
34 290
34 196
34 61
34 95
34 36
34 162
34 190
34 139
34 71
34 248
34 93
34 96
34 39
34 57
34 100
35 264
35 65
35 62
35 260
35 41
35 254
35 240
35 161
35 243
35 267
35 219
36 48
36 284
36 133
36 184
36 194
36 145
36 196
36 95
36 69
36 156
36 248
36 283
37 42
37 107
37 123
37 169
37 152
37 88
37 49
37 271
38 246
38 143
38 157
38 159
38 258
38 282
38 124
38 211
38 60
38 188
38 195
38 256
38 278
38 181
39 139
39 248
39 283
39 93
39 96
39 57
39 100
39 64
39 173
39 206
39 155
39 50
40 276
40 293
40 185
40 281
40 140
40 113
40 298
40 110
40 249
40 102
40 136
40 99
40 58
40 148
40 164
40 241
40 68
41 275
41 191
41 97
41 84
41 86
41 264
41 65
41 62
41 260
41 254
41 240
42 43
42 94
42 104
42 98
42 230
42 186
42 182
42 217
42 167
42 200
42 107
42 89
42 152
43 221
43 45
43 266
43 250
43 66
43 126
43 92
43 51
43 204
43 226
43 94
43 104
43 98
43 230
43 186
43 182
43 217
43 167
44 241
44 68
44 119
44 268
44 85
44 82
44 114
44 227
44 214
44 125
44 165
44 205
44 237
44 203
44 141
44 236
44 70
44 80
44 48
45 221
45 266
45 250
45 66
45 126
45 92
45 51
45 204
46 53
46 188
46 256
46 202
46 228
46 197
46 176
46 173
46 155
46 252
46 229
46 63
46 178
46 135
46 127
46 269
46 87
46 262
46 74
47 151
47 83
47 259
47 174
47 65
47 62
47 122
47 222
47 67
47 146
47 199
47 172
47 240
47 215
47 161
48 214
48 165
48 205
48 237
48 150
48 203
48 141
48 236
48 131
48 70
48 80
48 133
48 184
48 194
48 145
48 95
49 123
49 169
49 152
49 88
49 271
49 275
49 191
49 97
49 84
49 86
49 264
50 93
50 96
50 57
50 100
50 64
50 206
50 155
50 81
50 134
50 128
50 289
50 54
50 299
50 52
51 166
51 221
51 247
51 266
51 250
51 66
51 126
51 92
51 204
51 138
51 226
51 94
51 104
51 230
51 186
51 182
51 217
52 64
52 206
52 81
52 134
52 292
52 128
52 289
52 54
52 299
52 132
52 137
52 294
52 168
52 160
53 263
53 69
53 149
53 156
53 211
53 60
53 283
53 188
53 256
53 202
53 278
53 228
53 197
53 177
53 176
54 201
54 115
54 81
54 134
54 292
54 289
54 280
54 299
54 72
54 132
54 137
54 294
54 79
54 90
55 250
55 118
55 187
55 138
55 226
55 274
55 94
55 77
55 230
55 106
55 212
55 217
55 192
55 261
55 234
55 224
55 129
55 251
55 200
56 216
56 296
56 150
56 233
56 295
56 277
56 59
56 131
56 244
56 153
56 284
56 290
56 196
57 139
57 248
57 283
57 93
57 96
57 100
57 64
57 173
57 206
57 155
57 128
58 113
58 298
58 110
58 249
58 279
58 136
58 99
58 164
58 241
58 68
58 268
58 213
58 286
58 285
59 251
59 89
59 233
59 295
59 171
59 277
59 223
59 244
59 153
59 300
60 194
60 143
60 157
60 263
60 69
60 149
60 156
60 211
60 188
60 195
60 256
60 202
60 278
60 228
60 197
60 176
61 153
61 300
61 290
61 151
61 122
61 162
61 190
61 139
61 71
61 67
62 271
62 275
62 191
62 84
62 86
62 264
62 151
62 83
62 259
62 174
62 65
62 222
62 260
63 228
63 197
63 177
63 176
63 252
63 229
63 178
63 135
63 127
63 269
63 87
63 74
64 248
64 93
64 96
64 100
64 173
64 206
64 155
64 134
64 128
64 289
65 271
65 275
65 191
65 84
65 151
65 83
65 259
65 174
65 122
65 222
65 199
66 235
66 166
66 221
66 247
66 266
66 250
66 126
66 92
66 204
66 138
66 226
66 94
66 230
67 300
67 151
67 83
67 122
67 162
67 190
67 71
67 146
67 172
67 215
68 113
68 110
68 249
68 102
68 136
68 238
68 99
68 130
68 148
68 164
68 241
68 119
68 268
68 82
68 227
68 125
69 133
69 184
69 194
69 145
69 263
69 95
69 149
69 156
69 283
69 202
69 228
70 85
70 82
70 227
70 214
70 125
70 165
70 205
70 237
70 203
70 141
70 236
70 80
70 133
70 184
70 194
70 145
71 300
71 290
71 162
71 190
71 139
71 248
71 93
71 172
71 215
71 100
72 201
72 115
72 193
72 81
72 134
72 292
72 280
72 207
72 299
72 273
72 132
72 75
72 137
72 294
72 79
72 90
72 232
72 255
72 218
72 253
73 207
73 76
73 273
73 75
73 265
73 232
73 287
73 272
73 255
73 109
73 253
74 173
74 155
74 252
74 128
74 178
74 135
74 127
74 87
74 262
74 116
74 198
74 270
74 245
74 108
75 193
75 280
75 207
75 76
75 273
75 132
75 294
75 79
75 90
75 232
75 255
75 218
75 253
75 142
76 267
76 193
76 219
76 121
76 207
76 179
76 273
76 265
76 287
77 91
77 118
77 187
77 138
77 226
77 220
77 274
77 103
77 94
77 230
77 106
77 212
77 217
77 192
77 261
77 234
77 224
77 129
77 251
77 189
78 209
78 147
78 140
78 101
78 291
78 105
78 91
78 118
78 187
78 257
78 102
78 220
78 238
78 274
78 103
78 130
78 148
78 106
78 119
78 212
78 192
78 234
78 129
78 158
79 134
79 292
79 280
79 207
79 299
79 273
79 132
79 137
79 294
79 90
79 232
79 255
79 168
79 218
79 253
79 144
79 142
80 85
80 114
80 214
80 165
80 205
80 296
80 237
80 150
80 203
80 277
80 236
80 131
80 284
80 184
80 145
80 196
80 95
81 172
81 215
81 100
81 201
81 115
81 134
81 292
81 289
81 280
81 299
81 132
81 137
81 294
82 148
82 164
82 241
82 119
82 268
82 85
82 114
82 227
82 214
82 125
82 165
82 205
82 237
82 203
82 141
82 236
83 275
83 84
83 151
83 259
83 174
83 122
83 222
83 146
83 199
84 271
84 275
84 191
84 97
84 86
84 264
84 259
84 174
84 222
84 260
85 130
85 148
85 119
85 158
85 216
85 114
85 227
85 214
85 165
85 205
85 296
85 237
85 150
85 236
85 131
86 271
86 275
86 191
86 97
86 264
86 260
87 228
87 173
87 155
87 252
87 128
87 178
87 135
87 127
87 262
87 116
87 198
87 270
88 107
88 123
88 169
88 152
88 271
88 275
88 191
89 182
89 217
89 167
89 251
89 200
89 233
89 295
89 171
89 223
90 292
90 280
90 207
90 273
90 132
90 294
90 232
90 255
90 168
90 218
90 253
90 144
90 142
91 210
91 209
91 147
91 140
91 101
91 291
91 105
91 118
91 187
91 257
91 220
91 238
91 274
91 103
91 130
91 106
91 212
91 192
91 234
92 221
92 266
92 250
92 126
92 204
92 226
92 104
92 98
92 186
92 182
93 162
93 190
93 139
93 248
93 172
93 96
93 100
93 206
94 250
94 204
94 138
94 226
94 230
94 186
94 182
94 217
94 261
94 167
94 251
94 200
95 284
95 133
95 184
95 194
95 145
95 196
95 156
95 283
96 139
96 248
96 283
96 100
96 173
96 206
96 155
97 271
97 275
97 191
97 264
97 260
98 183
98 204
98 104
98 107
98 123
99 113
99 298
99 110
99 249
99 279
99 136
99 164
99 241
99 268
99 213
100 139
100 248
100 172
100 206
100 134
100 289
101 185
101 209
101 147
101 281
101 140
101 291
101 105
101 118
101 257
101 249
101 102
101 220
101 238
101 103
101 130
102 185
102 209
102 281
102 140
102 291
102 113
102 105
102 257
102 249
102 220
102 136
102 238
102 103
102 130
102 148
102 164
102 241
102 119
103 147
103 291
103 105
103 118
103 187
103 257
103 220
103 238
103 274
103 130
103 148
103 106
103 212
103 192
103 261
103 234
103 224
103 129
103 158
103 189
103 216
104 126
104 204
104 186
104 182
104 167
104 107
104 123
105 185
105 209
105 147
105 281
105 140
105 291
105 118
105 257
105 249
105 220
105 238
105 130
105 148
105 106
106 118
106 187
106 257
106 220
106 238
106 274
106 130
106 212
106 192
106 261
106 234
106 224
106 129
106 251
106 158
106 189
106 216
107 123
107 169
107 152
108 262
108 116
108 198
108 270
108 231
108 160
109 179
109 265
109 287
109 272
110 276
110 293
110 112
110 281
110 113
110 298
110 249
110 279
110 136
110 164
110 241
111 177
111 242
111 229
111 269
111 180
111 288
111 163
111 239
112 276
112 293
112 298
112 279
113 276
113 293
113 185
113 209
113 281
113 140
113 291
113 298
113 249
113 136
113 148
113 164
113 241
113 119
114 130
114 119
114 192
114 234
114 129
114 158
114 189
114 216
114 214
114 165
114 205
114 296
114 237
114 150
114 277
114 236
114 131
115 146
115 199
115 172
115 215
115 201
115 193
115 134
115 292
115 280
115 207
115 299
115 273
115 132
116 128
116 135
116 127
116 262
116 198
116 270
116 231
116 160
117 213
117 286
117 285
117 208
117 154
117 170
117 175
117 297
118 235
118 210
118 147
118 187
118 138
118 220
118 274
118 212
118 192
118 261
118 234
118 224
119 291
119 257
119 249
119 136
119 238
119 130
119 148
119 164
119 241
119 268
119 227
119 214
119 165
120 154
120 170
120 141
120 297
120 225
120 133
120 184
120 194
120 246
120 143
120 157
120 263
120 159
121 254
121 240
121 243
121 267
121 193
121 219
121 207
121 179
122 300
122 151
122 259
122 174
122 222
122 146
122 199
123 169
123 152
124 246
124 157
124 159
124 258
124 282
124 211
124 188
124 195
124 278
124 181
125 164
125 241
125 268
125 213
125 286
125 285
125 227
125 214
125 154
125 203
125 170
125 141
125 236
125 225
126 221
126 266
126 204
126 186
127 228
127 173
127 206
127 155
127 252
127 128
127 178
127 135
127 262
127 198
127 270
128 173
128 206
128 155
128 252
128 289
128 262
128 198
129 274
129 212
129 192
129 261
129 234
129 224
129 251
129 158
129 189
129 216
129 296
129 150
129 233
129 277
130 140
130 291
130 257
130 249
130 220
130 136
130 238
130 148
130 241
130 158
131 158
131 189
131 216
131 165
131 205
131 296
131 237
131 150
131 277
131 236
131 244
131 284
132 134
132 292
132 289
132 280
132 299
132 137
132 294
132 232
132 168
132 218
132 144
132 142
133 203
133 141
133 236
133 225
133 184
133 194
133 143
133 145
133 157
133 263
133 149
133 156
134 172
134 215
134 201
134 292
134 289
134 280
134 299
134 137
134 294
135 228
135 197
135 176
135 173
135 155
135 252
135 178
135 262
135 198
135 270
136 293
136 185
136 281
136 140
136 298
136 249
136 148
136 164
136 241
136 268
137 292
137 289
137 280
137 299
137 294
137 168
137 218
137 160
137 144
137 142
138 235
138 166
138 247
138 250
138 187
138 226
138 274
138 230
138 217
138 261
139 284
139 290
139 196
139 162
139 190
139 248
140 185
140 209
140 147
140 281
140 291
140 257
140 249
140 220
140 238
140 148
141 268
141 213
141 285
141 227
141 154
141 203
141 170
141 236
141 225
141 194
142 294
142 232
142 255
142 168
142 218
142 253
142 144
143 297
143 225
143 184
143 194
143 246
143 157
143 263
143 159
143 258
143 149
143 211
144 294
144 232
144 255
144 168
144 218
144 253
145 184
145 194
145 196
145 263
145 149
145 156
145 283
146 259
146 222
146 199
146 172
146 215
146 161
146 201
146 193
147 235
147 210
147 209
147 291
147 187
147 257
147 220
147 238
148 291
148 257
148 249
148 220
148 238
148 164
148 241
148 214
149 184
149 194
149 263
149 156
149 283
149 188
149 256
149 202
149 228
149 197
150 234
150 158
150 189
150 216
150 214
150 165
150 205
150 296
150 237
150 277
150 236
150 244
151 300
151 259
151 174
151 222
152 169
152 271
153 233
153 295
153 171
153 277
153 223
153 244
153 300
153 290
153 190
154 268
154 213
154 286
154 285
154 227
154 208
154 203
154 170
154 175
154 297
154 225
155 228
155 173
155 206
155 252
155 178
155 262
156 184
156 194
156 263
156 283
156 188
156 256
156 202
156 228
156 197
157 297
157 225
157 194
157 246
157 263
157 159
157 258
157 282
157 211
158 220
158 238
158 212
158 192
158 261
158 234
158 224
158 189
158 216
158 214
158 165
158 205
158 296
158 237
158 277
159 175
159 297
159 225
159 246
159 258
159 282
159 211
160 198
160 270
160 168
160 231
161 199
161 240
161 243
161 267
161 193
162 284
162 300
162 290
162 196
162 190
162 248
163 242
163 229
163 269
163 180
163 288
163 239
164 249
164 241
164 268
164 213
164 227
165 216
165 227
165 214
165 205
165 296
165 237
165 203
165 236
166 235
166 221
166 210
166 247
166 250
166 226
167 226
167 230
167 186
167 182
167 217
167 200
167 171
168 299
168 294
168 218
170 268
170 213
170 286
170 285
170 227
170 208
170 203
170 175
170 297
170 225
171 200
171 233
171 295
171 223
171 300
172 190
172 215
172 201
172 292
173 283
173 202
173 228
173 206
173 252
173 178
173 262
174 271
174 275
174 259
174 222
174 199
175 286
175 285
175 208
175 297
175 225
175 246
176 188
176 195
176 256
176 202
176 278
176 228
176 197
176 177
176 242
176 229
176 178
176 269
177 211
177 188
177 195
177 256
177 278
177 181
177 197
177 242
177 229
177 269
178 228
178 197
178 252
178 229
178 269
178 262
179 267
179 219
179 265
179 287
179 272
180 242
180 269
180 288
180 239
181 282
181 211
181 188
181 195
181 256
181 278
181 242
181 229
182 204
182 226
182 230
182 186
182 217
182 200
184 203
184 236
184 225
184 194
184 263
185 276
185 293
185 209
185 281
185 291
185 257
185 249
186 204
186 226
186 230
186 217
186 200
187 235
187 210
187 247
187 250
187 220
187 274
187 212
187 192
187 261
187 234
187 224
188 211
188 195
188 256
188 202
188 278
188 228
188 197
188 229
189 274
189 212
189 192
189 261
189 234
189 224
189 251
189 216
189 205
189 296
189 233
189 277
190 284
190 300
190 290
190 248
191 271
191 275
191 264
191 260
192 220
192 274
192 212
192 261
192 234
192 224
192 251
192 216
192 296
193 199
193 240
193 243
193 201
193 267
193 207
193 273
194 225
194 263
195 258
195 282
195 211
195 256
195 278
195 242
195 229
196 284
196 290
196 248
197 256
197 202
197 278
197 228
197 252
197 229
197 269
198 262
198 270
198 231
199 259
199 222
199 240
199 215
199 243
199 201
200 226
200 230
200 217
200 261
200 251
200 233
200 223
201 215
201 292
201 280
201 299
202 283
202 256
202 228
202 252
203 268
203 227
203 214
203 237
203 236
203 225
204 221
204 266
204 250
204 226
205 216
205 214
205 296
205 237
205 277
205 236
206 252
206 289
206 262
207 267
207 280
207 273
207 232
207 255
208 213
208 286
208 285
208 297
209 281
209 291
209 257
209 249
209 220
209 238
210 235
210 247
211 246
211 258
211 282
211 256
211 278
212 220
212 274
212 261
212 234
212 224
212 251
212 216
212 296
213 241
213 268
213 286
213 285
213 227
214 216
214 227
214 237
214 236
215 292
216 261
216 234
216 224
216 296
216 237
216 277
217 226
217 230
217 261
217 251
218 294
218 232
218 255
218 253
219 254
219 240
219 243
219 267
220 291
220 257
220 238
220 274
220 234
220 224
221 247
221 266
221 250
221 226
222 271
222 275
222 259
223 233
223 295
223 300
224 274
224 261
224 234
224 251
224 296
224 233
225 297
225 246
225 263
226 247
226 266
226 250
226 230
227 241
227 268
227 285
227 237
227 236
228 283
228 256
228 252
229 256
229 278
229 242
229 269
230 250
230 261
230 251
231 270
232 280
232 273
232 294
232 255
232 253
233 261
233 251
233 296
233 295
233 277
233 244
234 274
234 261
234 251
234 296
235 247
235 250
236 237
237 296
238 281
238 291
238 257
238 249
239 269
239 288
239 245
240 254
240 243
240 267
241 249
241 268
242 278
242 269
242 288
243 254
243 267
244 296
244 295
244 277
244 284
244 290
245 270
246 297
246 263
246 258
246 282
247 250
248 290
248 283
249 281
249 291
249 257
250 266
251 274
251 261
251 295
252 262
253 273
253 294
253 255
254 260
254 267
255 273
255 294
256 278
257 281
257 291
258 297
258 282
259 271
259 275
260 275
260 264
261 274
262 270
264 271
264 275
265 287
265 272
268 286
268 285
269 288
271 275
272 287
273 292
273 280
273 294
276 293
276 281
276 298
277 296
277 295
277 284
278 282
279 298
280 292
280 289
280 299
280 294
281 293
281 291
284 290
285 286
289 292
289 299
289 294
290 300
292 299
292 294
293 298
294 299
295 300
