400 4345
1 95
1 174
1 324
1 399
1 246
1 195
1 179
1 213
1 315
1 278
1 187
1 269
1 74
1 126
1 296
1 68
1 226
1 25
1 285
1 356
1 93
1 339
1 22
1 272
1 233
1 370
2 222
2 204
2 277
2 256
2 78
2 227
2 12
2 391
2 188
2 394
2 396
2 358
2 172
2 255
2 345
2 344
2 314
2 50
2 340
2 130
2 242
2 132
2 123
2 348
2 364
2 134
2 241
2 52
2 162
2 290
2 29
2 136
2 252
3 224
3 130
3 242
3 123
3 348
3 159
3 185
3 52
3 140
3 290
3 46
3 299
3 375
3 266
3 395
3 156
3 386
3 363
3 220
3 267
4 151
4 161
4 56
4 351
4 45
4 262
4 117
4 33
4 335
4 224
4 304
4 325
4 295
4 63
4 377
4 130
4 236
4 159
4 185
4 144
4 140
4 46
4 299
4 375
5 160
5 120
5 104
5 34
5 387
5 75
5 286
5 197
5 317
5 81
5 176
5 14
5 128
5 89
5 250
5 112
5 292
5 37
5 392
5 62
5 150
5 190
5 329
5 238
5 210
5 36
5 397
6 389
6 312
6 330
6 28
6 54
6 357
6 138
6 20
6 367
6 217
6 167
6 366
6 147
6 42
6 86
6 376
6 10
6 192
6 260
7 293
7 8
7 232
7 308
7 218
7 400
7 301
7 97
7 283
7 373
7 393
7 385
7 127
7 108
7 214
7 279
7 343
7 157
7 228
7 115
7 263
7 371
7 59
7 85
8 39
8 50
8 298
8 109
8 31
8 82
8 48
8 241
8 293
8 90
8 232
8 308
8 398
8 218
8 400
8 301
8 97
8 283
8 373
8 393
8 385
8 127
8 108
8 214
9 350
9 327
9 349
9 137
9 355
9 240
9 100
9 346
9 297
9 379
9 332
9 32
9 321
9 177
9 369
9 201
9 390
9 53
9 131
9 96
9 248
9 95
10 54
10 337
10 357
10 138
10 20
10 231
10 367
10 109
10 217
10 167
10 366
10 147
10 42
10 86
10 376
10 192
10 260
10 308
10 97
10 283
10 60
10 127
10 108
10 55
10 316
11 379
11 47
11 177
11 369
11 390
11 53
11 131
11 96
11 129
11 282
11 124
11 294
11 95
11 102
11 174
11 324
11 399
11 246
11 195
11 179
11 191
11 315
11 278
11 269
11 74
11 126
11 296
11 68
12 190
12 164
12 36
12 397
12 222
12 204
12 106
12 281
12 277
12 256
12 78
12 227
12 188
12 394
12 396
12 358
12 172
12 255
12 345
12 344
12 314
12 340
12 130
12 242
12 123
12 348
13 144
13 142
13 375
13 67
13 156
13 24
13 333
13 235
13 113
13 363
13 103
13 105
13 251
13 257
13 305
13 145
13 141
13 271
13 49
13 155
13 91
13 341
13 189
14 121
14 383
14 160
14 244
14 287
14 34
14 261
14 387
14 75
14 286
14 197
14 317
14 372
14 81
14 176
14 128
14 89
14 250
14 112
14 359
14 292
14 200
14 37
14 268
14 354
14 329
14 238
14 210
14 397
14 270
15 22
15 272
15 65
15 360
15 194
15 225
15 151
15 44
15 351
15 262
15 328
15 302
15 117
15 199
15 304
15 325
15 295
15 173
16 216
16 311
16 169
16 234
16 247
16 171
16 175
16 73
16 40
16 116
17 171
17 73
17 40
17 92
17 116
17 101
17 80
17 121
17 383
17 58
17 229
17 244
17 287
17 125
17 34
17 261
17 286
17 186
17 61
17 372
17 215
18 143
18 38
18 35
18 57
18 169
18 265
18 247
18 211
18 175
18 320
18 207
18 326
18 40
18 378
18 30
18 178
18 318
18 84
18 163
19 173
19 119
19 79
19 361
19 76
19 142
19 114
19 67
19 24
19 333
20 274
20 69
20 389
20 312
20 330
20 28
20 54
20 337
20 357
20 138
20 231
20 367
20 217
20 167
20 366
20 147
20 42
20 86
20 376
20 192
21 198
21 374
21 27
21 70
21 280
21 66
21 234
21 381
21 183
21 133
21 275
21 152
21 306
21 135
21 336
21 160
21 120
22 153
22 213
22 187
22 64
22 285
22 356
22 339
22 272
22 233
22 65
22 360
22 194
22 225
23 243
23 362
23 87
23 61
23 215
23 94
23 209
23 313
23 245
23 310
23 323
23 388
23 264
23 98
23 334
23 184
23 249
23 274
23 69
24 119
24 79
24 361
24 76
24 142
24 114
24 67
24 333
24 235
24 103
24 251
24 118
24 145
24 141
25 95
25 399
25 246
25 195
25 179
25 191
25 315
25 278
25 269
25 74
25 126
25 296
25 68
25 226
25 356
25 93
25 339
25 272
25 233
25 370
26 266
26 395
26 300
26 342
26 230
26 386
26 307
26 220
26 267
26 284
26 166
26 331
26 139
26 202
26 149
26 208
26 154
26 146
26 107
27 216
27 198
27 374
27 70
27 280
27 66
27 234
27 381
27 183
27 73
27 275
27 92
27 152
27 135
28 274
28 69
28 389
28 72
28 221
28 312
28 330
28 54
28 337
28 357
28 138
28 231
28 367
28 109
28 217
28 167
28 366
28 147
28 42
28 86
28 376
29 358
29 255
29 345
29 344
29 314
29 340
29 130
29 242
29 132
29 123
29 348
29 364
29 134
29 241
29 52
29 162
29 290
29 136
29 252
29 90
29 398
29 218
29 395
29 300
29 158
29 342
29 230
30 143
30 38
30 35
30 57
30 169
30 265
30 247
30 211
30 171
30 175
30 320
30 207
30 326
30 40
30 378
30 178
30 116
30 318
30 80
30 84
30 163
30 212
30 243
31 77
31 88
31 309
31 72
31 221
31 206
31 303
31 54
31 337
31 357
31 39
31 231
31 298
31 109
31 217
31 82
31 42
31 48
31 293
31 232
31 308
32 137
32 240
32 346
32 297
32 332
32 321
32 177
32 369
32 201
32 390
32 248
32 291
32 353
32 174
32 181
32 205
33 253
33 151
33 161
33 56
33 351
33 45
33 262
33 117
33 335
33 224
33 325
33 295
33 63
33 377
33 130
33 236
33 159
33 185
33 144
33 140
33 46
33 299
33 375
34 92
34 121
34 383
34 160
34 229
34 244
34 287
34 125
34 261
34 387
34 75
34 286
34 186
34 61
34 197
34 317
34 372
34 81
34 176
34 128
34 89
34 250
34 359
34 200
34 37
34 268
34 354
34 329
35 143
35 38
35 57
35 169
35 265
35 247
35 211
35 175
35 320
35 207
35 326
35 378
35 178
36 197
36 317
36 81
36 176
36 89
36 250
36 112
36 292
36 37
36 392
36 62
36 150
36 190
36 329
36 238
36 210
36 397
36 270
36 180
36 43
36 222
36 204
36 281
36 277
36 256
36 78
36 227
36 391
36 193
36 188
37 387
37 75
37 286
37 197
37 317
37 81
37 176
37 128
37 89
37 250
37 112
37 359
37 292
37 200
37 150
37 190
37 329
37 238
37 210
37 397
37 270
37 180
37 43
37 222
37 204
37 277
38 143
38 57
38 169
38 265
38 247
38 211
38 175
38 320
38 207
38 326
38 378
38 178
38 318
39 77
39 88
39 309
39 72
39 221
39 391
39 193
39 206
39 303
39 337
39 231
39 50
39 298
39 109
39 82
39 48
39 241
39 293
40 143
40 311
40 169
40 247
40 171
40 175
40 320
40 207
40 378
40 116
40 318
40 101
40 80
40 58
40 84
40 229
40 125
40 243
41 305
41 382
41 271
41 331
41 189
41 208
41 122
41 254
41 338
42 72
42 221
42 54
42 337
42 357
42 138
42 231
42 298
42 109
42 217
42 167
42 366
42 147
42 86
42 376
42 192
42 308
42 97
42 283
43 359
43 200
43 268
43 354
43 329
43 384
43 238
43 210
43 289
43 397
43 270
43 180
43 222
43 204
43 277
43 77
43 78
43 391
43 193
43 206
43 303
43 358
43 345
43 50
44 65
44 360
44 194
44 225
44 151
44 328
44 302
44 117
44 199
44 304
44 325
44 173
44 119
44 79
44 361
44 76
45 253
45 106
45 281
45 151
45 161
45 56
45 351
45 262
45 172
45 335
45 224
45 295
45 63
45 377
45 130
45 236
45 159
45 185
45 140
46 335
46 224
46 340
46 130
46 123
46 348
46 159
46 185
46 140
46 299
46 375
46 266
46 395
46 156
46 386
46 363
47 288
47 327
47 349
47 182
47 355
47 223
47 100
47 379
47 133
47 369
47 390
47 53
47 131
47 96
47 129
47 282
47 124
47 294
48 309
48 206
48 303
48 231
48 50
48 298
48 109
48 82
48 241
48 293
48 90
48 232
48 308
48 218
48 400
48 301
48 393
48 385
49 333
49 235
49 113
49 103
49 251
49 257
49 305
49 118
49 145
49 141
49 271
49 155
49 91
49 341
49 189
49 273
50 204
50 277
50 77
50 78
50 391
50 193
50 206
50 303
50 358
50 255
50 345
50 314
50 298
50 82
50 132
50 364
50 134
50 241
50 162
50 293
50 136
50 90
51 306
51 336
51 124
51 120
51 294
51 276
51 102
51 399
51 104
51 195
51 179
51 191
51 269
51 81
51 296
51 68
51 226
51 112
51 292
51 93
51 392
51 62
51 150
51 190
52 394
52 396
52 358
52 172
52 255
52 345
52 344
52 314
52 340
52 130
52 242
52 132
52 123
52 348
52 364
52 134
52 162
52 290
52 136
52 252
52 90
52 398
52 266
52 395
52 300
52 342
52 230
53 327
53 349
53 355
53 223
53 100
53 379
53 321
53 177
53 369
53 201
53 390
53 131
53 96
53 129
53 282
53 124
53 294
53 95
53 324
53 399
53 246
53 195
53 179
53 278
54 249
54 274
54 69
54 88
54 389
54 309
54 72
54 221
54 312
54 330
54 337
54 357
54 138
54 231
54 367
54 109
54 217
54 167
54 366
54 147
54 86
54 376
54 192
55 86
55 376
55 192
55 260
55 283
55 60
55 316
55 279
55 343
55 168
55 170
55 365
56 164
56 253
56 106
56 281
56 256
56 227
56 151
56 161
56 394
56 351
56 396
56 262
56 172
56 335
56 224
56 340
56 295
56 377
56 130
56 123
56 159
56 185
57 143
57 265
57 211
57 320
57 207
57 326
57 178
58 169
58 247
58 171
58 175
58 378
58 92
58 116
58 318
58 101
58 80
58 121
58 383
58 84
58 229
58 244
58 287
58 125
58 243
58 261
58 362
58 186
58 61
58 372
58 215
59 214
59 279
59 343
59 157
59 228
59 115
59 263
59 371
59 85
59 99
59 219
59 83
59 148
59 237
59 258
59 319
59 239
59 203
59 165
60 86
60 376
60 192
60 260
60 283
60 316
60 343
60 168
60 170
61 101
61 80
61 229
61 287
61 125
61 243
61 261
61 362
61 87
61 186
61 372
61 215
61 209
61 359
61 200
61 268
61 323
61 354
61 98
61 384
61 289
62 104
62 191
62 81
62 89
62 68
62 226
62 112
62 292
62 93
62 392
62 150
62 190
62 238
62 164
62 397
62 222
62 106
62 281
62 256
63 194
63 225
63 151
63 161
63 351
63 262
63 328
63 302
63 117
63 335
63 199
63 304
63 325
63 295
63 377
63 236
63 159
63 185
63 361
63 76
63 144
63 140
63 375
63 67
64 248
64 291
64 353
64 174
64 181
64 205
64 368
64 153
64 213
64 187
64 285
64 65
64 360
65 285
65 272
65 360
65 194
65 225
65 328
65 302
66 216
66 198
66 374
66 70
66 280
66 234
66 381
66 183
66 73
66 275
66 92
66 152
66 306
66 135
66 336
67 377
67 236
67 361
67 76
67 144
67 142
67 375
67 114
67 156
67 333
67 235
67 113
67 103
67 251
67 257
68 124
68 294
68 276
68 102
68 399
68 195
68 179
68 191
68 278
68 269
68 74
68 126
68 296
68 226
68 356
68 93
68 392
68 339
68 164
68 233
68 370
69 313
69 245
69 310
69 388
69 264
69 334
69 184
69 259
69 249
69 274
69 88
69 389
69 72
69 221
69 312
69 330
69 337
69 357
69 138
69 231
69 217
69 167
69 366
70 198
70 374
70 280
70 381
70 183
70 133
70 275
70 152
70 306
70 135
70 336
71 373
71 158
71 342
71 230
71 352
71 214
71 307
71 157
71 196
71 228
71 115
71 380
71 371
71 99
71 202
71 149
71 219
71 83
71 146
71 258
71 110
71 239
71 203
72 98
72 384
72 184
72 289
72 259
72 249
72 274
72 77
72 88
72 309
72 221
72 206
72 303
72 337
72 357
72 138
72 231
72 298
72 109
72 217
72 147
73 216
73 374
73 234
73 381
73 183
73 275
73 92
73 152
73 101
73 135
73 121
73 383
73 244
74 95
74 174
74 324
74 399
74 205
74 246
74 195
74 179
74 213
74 315
74 278
74 187
74 269
74 126
74 296
74 226
74 285
74 356
74 93
74 339
74 272
74 233
74 370
75 152
75 135
75 121
75 383
75 160
75 120
75 244
75 287
75 104
75 261
75 387
75 286
75 197
75 317
75 81
75 176
75 128
75 89
75 250
75 112
75 359
75 292
75 329
75 238
75 210
76 328
76 302
76 117
76 199
76 304
76 325
76 295
76 173
76 377
76 236
76 119
76 79
76 361
76 144
76 142
76 114
77 268
77 354
77 98
77 384
77 210
77 289
77 259
77 270
77 180
77 277
77 88
77 309
77 221
77 391
77 193
77 206
77 303
77 298
77 82
78 329
78 238
78 210
78 397
78 270
78 180
78 222
78 204
78 277
78 256
78 227
78 391
78 193
78 188
78 394
78 303
78 396
78 358
78 255
78 345
78 344
78 314
78 132
79 328
79 302
79 117
79 199
79 304
79 325
79 173
79 119
79 361
79 142
79 114
80 311
80 169
80 247
80 171
80 175
80 320
80 378
80 92
80 116
80 318
80 101
80 383
80 84
80 229
80 287
80 125
80 243
80 362
80 186
81 336
81 160
81 120
81 276
81 104
81 387
81 286
81 197
81 317
81 176
81 128
81 89
81 250
81 112
81 292
81 392
81 150
81 190
81 329
81 238
81 210
81 397
82 391
82 193
82 206
82 303
82 358
82 255
82 345
82 314
82 298
82 132
82 364
82 241
82 162
82 293
82 90
82 218
82 400
83 214
83 157
83 228
83 115
83 263
83 371
83 85
83 99
83 219
83 148
83 237
83 258
83 319
83 239
83 203
83 165
84 247
84 211
84 171
84 175
84 320
84 207
84 326
84 378
84 178
84 116
84 318
84 229
84 163
84 212
84 243
84 362
84 87
85 214
85 279
85 343
85 157
85 228
85 115
85 263
85 371
85 219
85 148
85 237
85 347
85 258
85 319
85 239
85 203
85 165
86 357
86 138
86 231
86 367
86 217
86 167
86 366
86 147
86 376
86 192
86 260
87 318
87 229
87 163
87 212
87 125
87 243
87 362
87 186
87 215
87 94
87 209
87 313
87 245
87 310
87 323
87 388
87 184
88 323
88 354
88 98
88 384
88 184
88 289
88 259
88 249
88 274
88 309
88 221
88 206
88 303
88 337
88 357
88 231
88 298
88 109
88 217
89 160
89 120
89 244
89 104
89 387
89 286
89 197
89 317
89 176
89 128
89 250
89 112
89 359
89 292
89 150
89 190
89 329
89 238
89 210
89 397
90 314
90 132
90 364
90 134
90 241
90 162
90 293
90 290
90 136
90 252
90 398
90 218
90 400
90 373
90 393
90 300
90 158
90 342
90 230
90 352
90 214
90 307
91 235
91 113
91 103
91 105
91 251
91 257
91 305
91 382
91 118
91 145
91 141
91 271
91 155
91 341
91 189
91 273
92 216
92 234
92 381
92 183
92 116
92 152
92 101
92 135
92 121
92 383
92 244
92 287
92 261
93 102
93 399
93 195
93 179
93 191
93 278
93 269
93 126
93 296
93 226
93 356
93 392
93 339
93 164
93 272
93 233
93 370
93 253
93 106
94 163
94 212
94 243
94 313
94 245
94 310
94 388
94 264
94 334
95 321
95 177
95 369
95 201
95 390
95 131
95 96
95 282
95 248
95 353
95 174
95 324
95 399
95 181
95 205
95 246
95 195
95 179
95 153
95 213
95 315
95 278
95 187
95 269
95 126
95 356
96 327
96 349
96 182
96 355
96 223
96 100
96 379
96 177
96 369
96 390
96 131
96 129
96 282
96 124
96 294
96 102
96 399
96 195
96 179
96 278
97 293
97 192
97 232
97 308
97 400
97 301
97 283
97 393
97 385
97 127
97 108
97 214
97 279
97 343
97 157
97 115
97 263
98 125
98 362
98 186
98 372
98 215
98 209
98 359
98 200
98 268
98 323
98 354
98 384
98 184
98 289
98 259
98 249
98 270
98 309
98 221
99 352
99 214
99 307
99 157
99 196
99 228
99 115
99 380
99 263
99 371
99 202
99 149
99 219
99 146
99 258
99 110
99 239
99 203
99 165
100 288
100 350
100 327
100 349
100 182
100 355
100 223
100 346
100 297
100 379
100 321
100 177
100 369
100 201
100 390
100 131
101 311
101 169
101 247
101 171
101 175
101 116
101 318
101 121
101 383
101 229
101 244
101 287
101 125
101 261
101 186
102 133
102 129
102 306
102 336
102 282
102 124
102 294
102 276
102 399
102 104
102 195
102 179
102 191
102 278
102 269
102 296
102 226
102 392
103 156
103 333
103 235
103 113
103 105
103 251
103 257
103 305
103 118
103 145
103 141
103 271
103 155
103 341
103 189
104 133
104 275
104 306
104 135
104 336
104 160
104 124
104 120
104 294
104 276
104 191
104 387
104 197
104 317
104 176
104 226
104 112
104 292
104 392
104 150
104 190
105 375
105 266
105 156
105 386
105 113
105 363
105 267
105 257
105 305
105 382
105 166
105 271
105 155
105 331
105 189
105 122
106 392
106 190
106 164
106 370
106 253
106 281
106 256
106 227
106 188
106 161
106 394
106 396
106 172
106 344
106 335
106 224
107 220
107 284
107 380
107 331
107 139
107 202
107 149
107 208
107 154
107 146
107 110
107 111
107 338
108 376
108 192
108 232
108 308
108 301
108 283
108 393
108 385
108 127
108 214
108 279
108 343
108 115
108 263
109 309
109 221
109 206
109 303
109 337
109 357
109 138
109 231
109 298
109 217
109 167
109 147
109 376
109 192
110 307
110 284
110 196
110 380
110 139
110 202
110 149
110 208
110 154
110 146
110 111
111 284
111 166
111 331
111 139
111 202
111 149
111 208
111 154
111 146
111 254
111 338
112 160
112 120
112 276
112 387
112 197
112 317
112 176
112 292
112 392
112 150
112 190
112 329
112 238
112 397
113 375
113 156
113 235
113 363
113 267
113 251
113 257
113 305
113 382
113 271
113 155
113 189
114 173
114 119
114 361
114 142
114 333
114 235
115 232
115 308
115 301
115 393
115 385
115 127
115 214
115 279
115 343
115 157
115 228
115 263
115 371
115 219
115 148
115 237
115 258
115 239
115 203
116 311
116 169
116 247
116 171
116 175
116 320
116 378
116 318
116 383
116 229
116 287
116 125
116 362
117 194
117 225
117 151
117 161
117 351
117 262
117 328
117 302
117 199
117 304
117 325
117 295
117 173
117 377
117 236
117 361
117 144
117 142
118 333
118 235
118 251
118 145
118 141
118 155
118 322
118 341
118 273
119 328
119 302
119 199
119 304
119 325
119 173
119 361
119 142
120 381
120 183
120 133
120 275
120 152
120 306
120 135
120 336
120 121
120 160
120 244
120 276
120 387
120 286
120 197
120 317
120 176
120 292
121 234
121 381
121 183
121 275
121 152
121 135
121 383
121 160
121 244
121 287
121 261
121 387
121 286
121 317
121 128
122 363
122 267
122 257
122 305
122 382
122 166
122 271
122 331
122 139
122 208
122 154
122 254
122 338
123 227
123 188
123 394
123 396
123 172
123 344
123 335
123 224
123 340
123 130
123 242
123 348
123 364
123 159
123 185
123 134
123 140
123 290
123 136
123 252
123 299
123 266
123 395
124 133
124 131
124 129
124 306
124 282
124 294
124 276
124 399
124 195
124 179
124 191
124 278
124 269
124 296
124 226
125 383
125 229
125 244
125 287
125 243
125 261
125 362
125 286
125 186
125 372
125 215
125 128
125 209
125 359
125 200
125 268
125 323
125 354
126 294
126 174
126 324
126 399
126 246
126 195
126 179
126 191
126 315
126 278
126 269
126 296
126 226
126 356
126 339
126 272
126 233
126 370
127 232
127 308
127 400
127 301
127 283
127 393
127 385
127 214
127 279
127 343
127 157
127 263
128 383
128 244
128 287
128 261
128 387
128 286
128 186
128 197
128 317
128 372
128 176
128 250
128 359
128 292
128 200
128 268
128 354
128 329
128 238
128 210
128 289
128 397
128 270
129 182
129 223
129 379
129 133
129 369
129 390
129 131
129 282
129 294
129 276
129 399
129 195
129 179
129 191
129 278
130 256
130 227
130 188
130 394
130 396
130 172
130 344
130 335
130 224
130 340
130 242
130 348
130 159
130 185
130 140
130 290
130 299
130 266
130 395
131 327
131 349
131 182
131 355
131 223
131 379
131 177
131 369
131 390
131 282
131 294
131 399
131 195
131 179
131 278
132 391
132 193
132 188
132 358
132 255
132 345
132 344
132 314
132 340
132 242
132 348
132 364
132 134
132 241
132 162
132 293
132 290
132 136
132 252
132 398
132 218
133 182
133 198
133 223
133 280
133 275
133 306
133 135
133 336
133 160
133 294
133 276
134 188
134 396
134 358
134 255
134 345
134 344
134 314
134 340
134 242
134 348
134 364
134 241
134 162
134 290
134 136
134 252
134 398
134 395
134 300
134 158
134 342
135 198
135 374
135 280
135 234
135 381
135 183
135 275
135 152
135 306
135 336
135 383
135 160
135 244
135 276
135 387
135 197
135 317
136 358
136 255
136 345
136 344
136 314
136 340
136 242
136 348
136 364
136 241
136 162
136 290
136 252
136 398
136 218
136 400
136 395
136 373
136 300
136 158
136 342
136 230
136 352
137 240
137 346
137 297
137 332
137 321
138 274
138 389
138 221
138 312
138 330
138 337
138 357
138 231
138 367
138 217
138 167
138 366
138 147
138 376
138 192
139 386
139 220
139 267
139 284
139 382
139 166
139 331
139 202
139 149
139 208
139 154
139 146
139 254
139 338
140 262
140 335
140 224
140 295
140 377
140 236
140 159
140 185
140 144
140 299
140 375
140 266
140 156
141 333
141 235
141 251
141 257
141 305
141 145
141 155
141 322
141 341
141 189
141 273
142 328
142 302
142 199
142 304
142 325
142 173
142 236
142 361
142 144
142 333
142 235
143 169
143 265
143 247
143 211
143 171
143 175
143 320
143 207
143 326
143 378
143 178
143 318
144 351
144 262
144 302
144 335
144 199
144 304
144 325
144 295
144 377
144 236
144 159
144 185
144 361
144 299
144 375
144 156
145 333
145 235
145 251
145 257
145 155
145 322
145 341
145 189
145 273
146 307
146 284
146 196
146 380
146 202
146 149
146 154
147 389
147 221
147 312
147 330
147 337
147 357
147 231
147 367
147 217
147 167
147 366
147 376
147 192
147 260
148 279
148 343
148 263
148 371
148 219
148 237
148 347
148 258
148 319
148 239
148 203
148 165
149 230
149 352
149 307
149 284
149 196
149 228
149 380
149 202
149 154
150 191
150 197
150 176
150 226
150 292
150 392
150 190
150 238
150 164
150 397
150 222
150 281
150 256
151 272
151 233
151 370
151 253
151 194
151 225
151 161
151 351
151 262
151 328
151 302
151 335
151 199
151 304
151 325
151 295
151 377
151 236
152 374
152 280
152 234
152 381
152 183
152 275
152 306
152 336
152 383
152 160
152 244
152 387
153 201
153 248
153 291
153 353
153 174
153 324
153 181
153 205
153 246
153 368
153 213
153 315
153 187
153 285
154 386
154 220
154 284
154 166
154 331
154 202
154 208
154 254
154 338
155 235
155 251
155 257
155 305
155 271
155 341
155 189
155 273
156 236
156 159
156 299
156 375
156 235
156 363
156 267
156 257
156 305
156 382
156 271
157 232
157 398
157 218
157 400
157 301
157 373
157 393
157 385
157 158
157 352
157 214
157 279
157 196
157 228
157 380
157 263
157 371
157 219
157 258
157 239
157 203
158 364
158 241
158 162
158 293
158 252
158 398
158 218
158 400
158 373
158 393
158 300
158 342
158 230
158 352
158 214
158 307
158 196
158 228
158 380
159 161
159 351
159 262
159 335
159 224
159 295
159 377
159 236
159 185
159 299
159 375
159 266
160 381
160 183
160 275
160 306
160 336
160 383
160 244
160 276
160 387
160 286
160 197
160 317
160 176
161 272
161 233
161 370
161 253
161 194
161 351
161 262
161 335
161 224
161 325
161 295
161 377
161 236
161 185
162 358
162 255
162 345
162 344
162 314
162 340
162 242
162 348
162 364
162 241
162 293
162 290
162 252
162 398
162 218
162 400
162 373
162 300
162 342
162 230
162 352
163 326
163 378
163 178
163 212
163 243
163 313
163 245
163 310
164 296
164 226
164 392
164 190
164 253
164 281
164 256
164 227
165 263
165 371
165 219
165 237
165 258
165 239
165 203
166 266
166 395
166 386
166 363
166 220
166 267
166 284
166 382
166 331
166 208
166 254
166 338
167 389
167 221
167 312
167 330
167 337
167 357
167 231
167 367
167 217
167 366
167 376
167 192
167 260
168 316
168 343
168 170
168 365
168 347
168 319
169 311
169 247
169 171
169 175
169 320
169 207
169 378
169 318
170 316
170 343
170 365
170 237
170 347
170 319
171 311
171 247
171 175
171 320
171 207
171 378
171 318
171 229
172 253
172 281
172 256
172 227
172 188
172 394
172 396
172 255
172 344
172 335
172 224
172 340
172 242
172 348
172 185
172 290
173 194
173 225
173 328
173 302
173 199
173 304
173 325
173 361
174 321
174 177
174 369
174 201
174 390
174 248
174 291
174 353
174 324
174 181
174 205
174 246
174 368
174 213
174 315
174 278
174 187
174 285
175 311
175 247
175 211
175 320
175 207
175 326
175 378
175 318
175 229
176 244
176 261
176 387
176 286
176 197
176 317
176 250
176 359
176 292
176 329
176 238
176 210
176 397
177 350
177 327
177 355
177 240
177 346
177 297
177 379
177 332
177 321
177 369
177 201
177 390
177 282
177 248
177 324
177 205
177 246
178 265
178 211
178 320
178 207
178 326
178 378
178 318
178 212
179 282
179 294
179 276
179 399
179 195
179 191
179 278
179 269
179 296
179 226
179 356
179 392
180 250
180 359
180 200
180 268
180 354
180 329
180 384
180 238
180 210
180 289
180 397
180 270
180 222
180 204
180 277
180 391
180 193
180 206
180 303
180 358
180 345
181 321
181 201
181 248
181 291
181 353
181 324
181 205
181 246
181 368
181 213
181 315
181 187
181 285
182 288
182 350
182 327
182 349
182 355
182 223
182 379
183 216
183 198
183 374
183 280
183 234
183 381
183 275
183 306
183 336
183 383
183 244
184 362
184 215
184 209
184 313
184 245
184 310
184 323
184 388
184 334
184 384
184 289
184 259
184 249
184 274
184 221
185 262
185 335
185 224
185 340
185 295
185 377
185 236
185 299
185 375
185 266
185 395
186 229
186 244
186 287
186 243
186 261
186 362
186 286
186 372
186 215
186 250
186 209
186 359
186 200
186 268
186 323
186 354
186 384
186 289
187 248
187 291
187 353
187 324
187 205
187 246
187 368
187 213
187 315
187 285
188 222
188 204
188 281
188 277
188 256
188 227
188 391
188 394
188 396
188 358
188 255
188 345
188 344
188 314
188 340
188 242
188 348
188 364
189 235
189 251
189 257
189 305
189 382
189 271
189 341
189 273
190 197
190 226
190 292
190 392
190 238
190 397
190 222
190 281
190 256
190 227
191 282
191 294
191 276
191 399
191 195
191 278
191 269
191 296
191 226
191 392
192 337
192 357
192 231
192 367
192 217
192 366
192 376
192 260
192 308
192 283
192 316
193 329
193 210
193 397
193 270
193 222
193 204
193 277
193 391
193 206
193 303
193 358
193 255
193 345
193 314
193 298
194 272
194 233
194 370
194 360
194 225
194 351
194 262
194 328
194 302
194 199
194 304
194 325
194 295
194 377
194 236
195 282
195 294
195 276
195 399
195 246
195 315
195 278
195 269
195 296
195 226
195 356
195 339
196 398
196 218
196 400
196 373
196 300
196 342
196 230
196 352
196 214
196 307
196 228
196 380
196 202
196 219
196 258
196 239
197 244
197 387
197 286
197 317
197 250
197 359
197 292
197 329
197 238
197 210
197 397
198 374
198 280
198 381
198 275
198 306
199 225
199 351
199 262
199 328
199 302
199 304
199 325
199 295
199 377
199 236
199 361
200 287
200 261
200 286
200 372
200 215
200 250
200 209
200 359
200 268
200 323
200 354
200 329
200 384
200 210
200 289
200 259
200 270
201 240
201 346
201 297
201 379
201 332
201 321
201 369
201 390
201 248
201 291
201 353
201 324
201 205
201 246
201 213
201 315
202 230
202 307
202 220
202 284
202 380
202 208
203 228
203 263
203 371
203 219
203 237
203 258
203 239
204 292
204 329
204 238
204 210
204 397
204 270
204 222
204 277
204 256
204 227
204 391
204 394
204 358
204 255
204 345
204 314
205 321
205 248
205 291
205 353
205 324
205 246
205 368
205 213
205 315
205 285
206 289
206 259
206 270
206 309
206 221
206 391
206 303
206 337
206 231
206 298
207 265
207 247
207 211
207 320
207 326
207 378
207 318
208 386
208 220
208 267
208 284
208 382
208 331
208 254
208 338
209 229
209 287
209 243
209 261
209 362
209 372
209 215
209 359
209 245
209 268
209 323
209 354
209 384
209 289
209 259
209 249
210 387
210 286
210 317
210 250
210 359
210 292
210 268
210 354
210 329
210 384
210 238
210 289
210 397
210 270
210 222
210 277
210 391
211 265
211 320
211 326
211 378
211 318
212 326
212 313
212 310
213 248
213 291
213 353
213 324
213 246
213 368
213 315
213 285
214 293
214 232
214 308
214 398
214 218
214 400
214 301
214 373
214 393
214 385
214 352
214 279
214 228
214 380
214 263
214 371
214 219
215 229
215 287
215 243
215 261
215 362
215 372
215 359
215 268
215 323
215 354
215 384
215 289
215 259
215 249
216 374
216 280
216 234
216 381
217 309
217 221
217 337
217 357
217 231
217 298
217 366
217 376
218 364
218 241
218 293
218 252
218 232
218 398
218 400
218 301
218 373
218 393
218 385
218 300
218 342
218 230
218 352
218 307
218 228
218 380
219 228
219 380
219 263
219 371
219 258
219 239
220 266
220 395
220 300
220 342
220 230
220 386
220 307
220 267
220 284
220 331
221 289
221 259
221 249
221 274
221 309
221 337
221 357
221 231
221 298
222 292
222 329
222 238
222 397
222 270
222 281
222 277
222 256
222 227
222 391
222 394
222 396
222 358
222 255
222 345
222 344
222 314
223 288
223 350
223 327
223 349
223 355
223 379
224 253
224 281
224 256
224 227
224 394
224 351
224 396
224 262
224 344
224 335
224 340
224 377
224 242
224 348
224 299
225 272
225 360
225 351
225 262
225 328
225 302
225 304
225 325
225 295
225 377
225 361
226 294
226 276
226 399
226 278
226 269
226 296
226 356
226 392
226 339
226 370
227 253
227 281
227 277
227 256
227 394
227 396
227 358
227 255
227 345
227 344
227 314
227 340
227 242
227 348
228 398
228 400
228 373
228 393
228 385
228 342
228 352
228 307
228 380
228 263
228 371
228 258
228 239
229 318
229 383
229 287
229 243
229 261
229 362
229 372
230 290
230 252
230 398
230 395
230 373
230 300
230 342
230 352
230 386
230 307
230 284
230 380
231 309
231 337
231 357
231 298
231 366
231 376
232 293
232 308
232 400
232 301
232 283
232 373
232 393
232 385
232 279
233 269
233 296
233 356
233 339
233 272
233 370
233 253
233 351
234 374
234 280
234 381
234 275
234 383
235 333
235 251
235 257
235 305
235 271
235 341
236 351
236 262
236 328
236 302
236 335
236 304
236 325
236 295
236 377
236 361
236 299
236 375
237 279
237 343
237 263
237 365
237 371
237 347
237 319
238 387
238 317
238 250
238 292
238 329
238 397
238 270
238 277
238 256
238 391
239 380
239 263
239 371
239 258
240 346
240 297
240 332
240 321
241 303
241 358
241 255
241 345
241 314
241 298
241 364
241 293
241 252
241 398
241 400
241 373
241 393
242 256
242 394
242 396
242 358
242 255
242 345
242 344
242 314
242 340
242 348
242 364
242 290
242 252
242 395
243 378
243 318
243 362
243 245
243 323
244 383
244 287
244 261
244 387
244 286
244 317
244 372
244 250
244 359
245 362
245 313
245 310
245 388
245 264
245 334
245 249
245 274
246 321
246 369
246 390
246 282
246 248
246 353
246 324
246 315
246 278
246 269
246 296
246 285
246 356
246 339
247 311
247 320
247 378
247 318
248 332
248 321
248 369
248 390
248 291
248 353
248 324
248 368
248 315
249 268
249 323
249 388
249 354
249 334
249 384
249 289
249 259
249 274
249 309
250 287
250 261
250 387
250 286
250 317
250 372
250 359
250 292
250 268
250 354
250 329
250 384
250 289
250 397
250 270
251 333
251 257
251 305
251 271
251 322
251 341
251 273
252 255
252 345
252 344
252 314
252 340
252 348
252 364
252 290
252 398
252 266
252 395
252 373
252 300
252 342
252 352
252 307
253 339
253 272
253 370
253 281
253 256
253 394
253 351
253 262
253 335
254 382
254 331
254 338
255 277
255 256
255 391
255 394
255 396
255 358
255 345
255 344
255 314
255 340
255 348
255 364
255 290
256 392
256 281
256 277
256 394
256 396
256 358
256 344
256 340
257 363
257 267
257 305
257 382
257 271
257 341
258 380
258 263
258 371
259 268
259 323
259 354
259 384
259 289
259 274
259 309
260 367
260 366
260 376
260 316
261 383
261 287
261 387
261 286
261 317
261 372
261 359
261 268
261 323
261 354
261 384
262 351
262 302
262 335
262 304
262 325
262 295
262 377
263 301
263 393
263 385
263 279
263 343
263 371
263 319
264 313
264 310
264 388
264 334
264 274
264 389
265 320
265 326
265 378
266 290
266 299
266 375
266 395
266 386
266 363
266 267
266 284
267 395
267 386
267 363
267 284
267 305
267 382
267 271
267 331
268 287
268 286
268 372
268 359
268 323
268 354
268 329
268 384
268 289
268 270
269 282
269 294
269 399
269 315
269 278
269 296
269 356
269 339
269 370
270 359
270 354
270 329
270 384
270 289
270 397
270 277
270 391
270 303
271 363
271 305
271 382
271 341
272 296
272 285
272 356
272 339
272 370
272 360
272 351
273 322
273 341
274 313
274 310
274 388
274 334
274 389
274 312
274 330
274 357
275 374
275 280
275 381
275 306
275 336
275 276
276 306
276 336
276 294
276 399
277 329
277 397
277 391
277 394
277 303
277 358
277 345
277 314
278 282
278 294
278 324
278 399
278 315
278 296
278 356
278 339
279 308
279 301
279 283
279 393
279 385
279 343
279 371
280 374
280 381
280 306
280 336
281 392
281 394
281 396
281 344
281 340
282 379
282 369
282 390
282 294
282 399
282 315
283 376
283 308
283 301
283 393
283 385
283 316
283 343
284 395
284 300
284 342
284 386
284 307
284 331
285 291
285 353
285 324
285 368
285 315
285 360
286 383
286 287
286 387
286 317
286 372
286 359
286 354
286 329
287 383
287 362
287 372
287 359
287 354
288 350
288 327
288 349
288 355
288 379
289 372
289 359
289 323
289 354
289 384
289 309
290 396
290 344
290 314
290 340
290 348
290 364
290 398
290 395
290 300
290 342
291 353
291 324
291 368
292 387
292 317
292 392
292 329
292 397
293 303
293 298
293 308
293 398
293 400
293 301
293 373
293 393
293 385
294 306
294 336
294 399
294 296
295 351
295 328
295 302
295 335
295 304
295 325
295 377
295 361
295 375
296 399
296 315
296 356
296 392
296 339
296 370
297 350
297 327
297 355
297 346
297 379
297 332
297 321
297 369
297 390
298 309
298 303
298 337
299 335
299 377
299 375
299 395
299 386
299 363
300 348
300 364
300 398
300 395
300 373
300 342
300 352
300 386
300 307
300 380
301 308
301 400
301 373
301 393
301 385
301 343
302 360
302 351
302 328
302 304
302 325
302 377
302 361
303 309
303 391
303 358
303 345
303 314
304 351
304 328
304 325
304 377
304 361
305 363
305 382
305 341
306 381
306 336
307 398
307 373
307 342
307 352
307 380
308 400
308 393
308 385
308 343
309 354
309 384
309 337
309 357
310 313
310 388
310 334
311 318
312 334
312 389
312 330
312 337
312 357
312 367
312 366
313 388
313 334
314 391
314 394
314 396
314 358
314 345
314 344
314 340
314 348
314 364
315 390
315 353
315 324
315 356
315 339
316 376
316 343
316 365
317 387
317 359
317 329
317 397
318 320
318 326
318 378
318 362
319 343
319 365
319 347
320 326
320 378
321 355
321 346
321 379
321 332
321 369
321 390
321 353
321 324
322 333
322 341
323 362
323 372
323 359
323 354
323 384
324 369
324 390
324 353
324 368
325 351
325 328
325 377
325 361
326 378
327 350
327 349
327 355
327 379
327 369
327 390
328 360
328 351
328 377
328 361
329 387
329 359
329 354
329 397
329 391
330 334
330 389
330 357
330 367
330 366
331 386
331 363
331 382
331 338
332 346
333 341
334 388
334 389
335 351
335 377
335 375
336 381
336 387
337 357
337 366
337 376
339 356
339 370
340 394
340 396
340 358
340 345
340 344
340 348
340 364
342 398
342 400
342 395
342 373
342 352
342 380
343 385
343 365
343 347
344 394
344 396
344 358
344 345
344 348
344 364
345 391
345 394
345 396
345 358
345 348
345 364
346 369
347 365
348 394
348 396
348 358
348 364
348 395
349 350
349 355
349 379
349 369
349 390
350 355
350 379
350 369
351 370
351 377
352 398
352 400
352 373
352 393
352 380
353 368
354 372
354 359
354 384
355 379
355 369
355 390
356 370
357 389
357 367
357 366
357 376
358 391
358 394
358 396
358 364
359 387
359 372
359 384
361 377
362 372
363 375
363 386
363 382
364 391
364 394
364 396
364 398
366 389
366 367
366 376
367 389
367 376
369 379
369 390
372 383
372 384
373 398
373 400
373 393
373 385
373 380
374 381
375 377
379 390
380 398
381 383
382 386
383 387
385 400
385 393
386 395
388 389
391 397
393 398
393 400
394 396
398 400
