400 2005
1 182
1 308
1 356
1 80
1 20
1 207
1 382
1 264
1 230
2 68
2 165
2 189
2 134
2 324
2 346
2 39
2 287
2 149
2 34
2 292
3 385
3 175
3 374
3 96
3 150
3 173
3 184
3 307
4 84
4 109
4 53
4 341
4 156
4 327
4 106
4 250
4 81
5 317
5 245
5 168
5 100
5 11
5 235
5 309
5 15
5 279
5 238
5 267
5 288
6 179
6 391
6 298
6 156
6 240
6 318
6 250
6 74
6 178
6 167
6 126
7 65
7 291
7 9
7 185
7 328
7 77
7 158
7 364
7 208
7 89
7 326
7 355
7 28
8 99
8 63
8 114
8 105
8 360
8 306
8 353
8 151
8 157
8 215
8 218
8 214
8 248
8 295
8 152
8 334
8 31
9 83
9 395
9 271
9 162
9 65
9 368
9 291
9 328
9 77
9 158
10 304
10 396
10 279
10 154
10 369
10 388
10 362
10 182
10 19
10 183
10 144
10 226
11 317
11 245
11 320
11 100
11 235
11 309
11 279
11 238
11 267
11 288
11 182
12 349
12 323
12 212
12 300
12 18
12 159
12 342
12 357
12 171
12 261
13 54
13 88
13 204
13 85
13 25
13 398
13 95
14 211
14 110
14 331
15 245
15 168
15 221
15 235
15 309
15 238
15 251
15 23
15 267
15 288
16 255
16 265
16 380
16 338
16 78
16 371
17 286
17 129
17 350
17 136
17 312
18 217
18 219
18 212
18 87
18 276
18 300
18 57
18 159
18 281
18 342
18 188
18 171
18 55
18 141
18 44
19 369
19 388
19 144
19 193
19 226
20 308
20 356
20 80
20 207
20 382
20 264
20 230
20 200
20 377
21 266
21 72
21 56
21 121
21 194
21 222
21 262
21 104
21 394
21 186
21 198
21 397
21 354
21 383
21 117
22 399
22 205
22 126
22 274
22 303
22 372
22 231
22 65
22 75
22 185
23 168
23 221
23 309
23 251
23 267
23 288
23 125
23 203
23 345
23 378
24 94
24 45
24 244
24 54
24 85
24 258
25 54
25 88
25 204
25 85
25 181
25 398
26 224
26 384
26 139
26 166
26 184
26 307
26 361
26 49
26 30
26 187
27 36
27 272
27 190
27 278
27 257
27 64
27 242
27 379
27 180
27 330
27 92
28 158
28 364
28 208
28 89
28 326
28 355
28 305
28 315
28 390
28 59
28 146
28 389
29 266
29 222
29 262
29 275
29 104
29 394
29 124
29 198
29 268
29 38
30 384
30 166
30 184
30 307
30 361
30 49
30 187
30 375
30 130
30 174
30 310
30 58
30 82
31 218
31 214
31 248
31 152
31 334
31 302
31 50
31 107
31 359
31 246
31 343
31 365
31 103
31 62
32 137
32 67
32 40
32 210
32 191
32 278
32 66
32 102
33 116
33 331
33 335
33 120
33 286
33 370
33 129
33 350
34 39
34 287
34 149
34 344
34 290
34 292
34 73
34 337
34 70
34 256
35 305
35 390
35 59
35 146
35 389
35 43
35 223
35 46
35 160
35 299
35 97
36 155
36 90
36 253
36 67
36 387
36 340
36 150
36 210
36 272
36 190
36 191
36 278
36 257
36 64
36 242
36 379
37 216
37 199
38 275
38 394
38 124
38 198
38 268
38 236
38 115
38 117
38 84
38 109
38 341
39 68
39 367
39 165
39 134
39 324
39 346
39 287
39 149
40 112
40 123
40 137
40 67
40 387
40 210
40 191
40 278
40 66
40 102
41 281
41 188
41 55
41 141
41 69
41 351
41 305
41 44
41 59
41 164
41 113
41 223
42 143
42 76
42 333
42 282
42 138
42 161
43 315
43 390
43 146
43 389
43 111
43 46
43 160
43 322
43 299
43 97
44 57
44 159
44 281
44 342
44 188
44 171
44 55
44 141
44 69
44 351
44 101
44 164
44 113
44 386
45 301
45 94
45 132
45 244
45 54
45 85
45 258
46 390
46 146
46 389
46 111
46 160
46 322
46 299
46 97
46 209
47 237
47 270
47 112
47 123
47 363
47 216
47 199
48 357
49 224
49 384
49 139
49 166
49 184
49 307
49 361
49 187
49 375
49 130
49 58
49 82
50 176
50 214
50 234
50 302
50 140
50 107
50 319
50 359
50 246
50 343
50 365
50 332
50 62
51 142
51 135
51 355
51 293
51 315
51 321
51 390
51 86
51 273
52 172
52 127
52 93
52 202
52 132
52 153
53 236
53 115
53 84
53 109
53 341
53 327
53 106
54 393
54 371
54 94
54 88
54 204
54 85
55 57
55 159
55 281
55 342
55 188
55 171
55 141
55 69
55 351
55 101
55 113
56 263
56 266
56 72
56 121
56 194
56 222
56 104
56 195
56 397
56 354
57 217
57 219
57 87
57 239
57 276
57 364
57 159
57 281
57 342
57 188
57 141
57 69
57 351
58 307
58 361
58 187
58 375
58 130
58 174
58 310
58 82
59 69
59 351
59 305
59 164
59 146
59 223
60 211
60 133
60 116
61 313
61 269
61 148
61 163
61 358
61 162
61 108
62 107
62 359
62 246
62 343
62 365
62 103
62 332
62 233
62 91
63 206
63 289
63 195
63 99
63 397
63 114
63 105
63 360
63 306
63 353
63 157
63 215
64 387
64 340
64 272
64 190
64 191
64 278
64 257
64 102
64 242
64 379
64 180
64 330
65 126
65 274
65 271
65 75
65 291
65 185
65 239
65 328
65 77
65 158
66 210
66 191
66 278
66 257
66 102
66 242
66 180
67 155
67 112
67 253
67 137
67 387
67 340
67 210
67 272
67 191
67 278
67 257
68 192
68 228
68 381
68 367
68 165
68 189
68 134
68 324
68 346
69 364
69 159
69 281
69 342
69 188
69 141
69 351
69 101
69 164
70 344
70 290
70 292
70 73
70 337
70 256
70 392
70 229
71 284
71 336
71 247
71 147
72 263
72 121
72 194
72 195
72 397
73 120
73 370
73 344
73 290
73 292
73 337
73 256
73 312
73 392
74 298
74 156
74 240
74 318
74 250
74 81
74 178
74 167
74 126
74 83
75 274
75 303
75 372
75 231
75 373
75 217
75 219
75 185
75 87
75 239
75 276
76 280
76 143
76 333
76 282
76 138
77 271
77 368
77 291
77 185
77 328
77 158
77 208
77 89
77 326
77 355
78 252
78 255
78 265
78 380
78 338
78 393
78 371
79 252
79 338
80 288
80 182
80 308
80 345
80 356
80 234
80 207
80 382
80 264
80 230
81 156
81 106
81 250
81 313
81 167
81 269
81 148
81 163
81 83
81 395
81 358
82 187
82 375
82 130
83 178
83 167
83 269
83 148
83 163
83 395
83 358
83 271
83 162
83 368
83 291
84 124
84 268
84 236
84 115
84 117
84 109
84 341
84 156
84 106
85 94
85 244
85 204
85 258
86 135
86 293
86 315
86 321
86 390
86 273
86 111
86 118
87 303
87 372
87 231
87 373
87 217
87 219
87 212
87 239
87 276
87 159
87 281
88 352
88 204
88 181
88 225
88 398
89 328
89 158
89 364
89 208
89 326
89 355
89 305
90 348
90 197
90 243
90 227
90 316
90 175
90 155
90 277
90 374
90 253
90 96
90 387
90 340
90 150
90 173
90 272
91 233
91 349
91 323
91 212
91 300
92 330
92 174
92 310
93 332
93 145
93 329
93 172
93 127
93 202
93 153
94 301
94 371
94 132
94 244
95 398
95 110
95 192
96 209
96 385
96 227
96 316
96 175
96 277
96 374
96 150
96 173
97 160
97 322
97 299
97 209
97 385
98 397
98 354
98 383
98 215
98 254
98 339
98 179
98 232
98 391
98 283
98 298
99 206
99 289
99 125
99 114
99 105
99 360
99 203
99 306
99 353
99 151
99 157
99 218
100 317
100 241
100 320
100 304
100 396
100 279
100 238
100 154
100 362
100 182
101 159
101 342
101 188
101 171
101 141
101 261
101 113
101 386
102 210
102 191
102 278
102 257
102 242
102 379
102 180
103 107
103 249
103 359
103 246
103 343
103 365
103 205
103 347
103 233
104 266
104 121
104 222
104 262
104 394
104 186
104 198
104 268
104 354
104 383
104 117
105 206
105 289
105 195
105 114
105 360
105 306
105 353
105 157
105 215
105 218
105 248
105 295
106 109
106 341
106 156
106 327
106 250
106 313
106 269
107 214
107 248
107 152
107 334
107 302
107 249
107 359
107 246
107 343
107 365
107 205
108 358
108 162
108 368
108 366
108 142
109 268
109 236
109 115
109 117
109 341
109 156
109 327
109 250
110 192
111 315
111 390
111 273
111 389
111 118
111 322
111 299
111 296
112 123
112 137
112 210
113 141
113 164
113 386
113 220
113 177
114 206
114 289
114 195
114 125
114 360
114 306
114 353
114 151
114 157
114 215
114 218
114 248
115 275
115 131
115 124
115 268
115 236
115 341
116 133
116 331
116 286
117 222
117 262
117 394
117 186
117 198
117 268
117 354
117 179
117 391
117 298
117 156
118 273
118 322
118 296
119 325
119 284
119 336
120 331
120 324
120 335
120 370
120 129
120 344
120 290
121 266
121 194
121 222
121 262
121 394
121 186
121 198
121 354
122 312
122 216
122 199
122 285
122 297
123 237
123 270
123 137
123 363
123 216
124 275
124 131
124 268
124 236
125 289
125 251
125 203
125 378
125 151
125 157
125 176
125 218
125 214
126 318
126 178
126 167
126 274
126 271
127 377
127 145
127 329
127 172
127 202
127 132
127 153
128 357
128 171
128 261
128 170
128 196
129 331
129 335
129 286
129 370
129 350
129 136
130 184
130 307
130 361
130 187
130 375
130 310
131 275
131 236
132 301
132 172
132 244
133 211
134 367
134 165
134 189
134 324
134 346
134 287
134 149
135 366
135 142
135 293
135 321
135 273
136 376
136 286
136 237
136 350
136 270
137 253
137 387
137 210
137 191
138 143
138 333
138 282
138 256
138 201
138 229
138 161
139 224
139 384
139 166
139 184
139 361
139 187
140 176
140 234
140 207
140 302
140 230
140 200
140 319
140 359
140 246
140 365
140 332
141 159
141 281
141 342
141 188
141 171
141 351
141 164
142 366
142 293
142 321
143 280
143 333
143 282
144 154
144 369
144 388
144 362
144 183
144 193
144 226
144 265
145 230
145 200
145 319
145 377
145 365
145 332
145 329
145 172
145 202
145 153
146 305
146 390
146 389
146 223
146 160
147 336
147 247
147 193
148 250
148 313
148 167
148 269
148 163
148 395
148 358
148 162
148 368
149 165
149 324
149 346
149 287
149 292
150 227
150 316
150 175
150 155
150 277
150 374
150 340
150 173
150 272
150 190
151 203
151 378
151 157
151 176
151 218
151 214
151 248
151 302
152 306
152 353
152 157
152 215
152 218
152 232
152 214
152 248
152 295
152 334
152 249
153 329
153 172
153 202
154 241
154 320
154 304
154 396
154 279
154 369
154 388
154 362
154 182
154 183
155 197
155 243
155 227
155 316
155 175
155 277
155 374
155 253
155 387
155 340
155 272
156 179
156 341
156 298
156 240
156 318
156 250
157 360
157 203
157 306
157 353
157 176
157 218
157 214
157 248
157 295
157 334
158 291
158 185
158 239
158 328
158 364
158 208
158 326
158 355
159 212
159 276
159 300
159 281
159 342
159 188
159 171
160 389
160 223
160 299
160 348
160 209
160 385
161 282
162 269
162 163
162 395
162 358
162 271
162 368
162 291
163 250
163 313
163 167
163 269
163 395
163 358
163 368
164 351
164 223
164 177
165 192
165 367
165 189
165 324
165 346
165 287
166 224
166 384
166 184
166 307
166 361
166 187
167 240
167 318
167 250
167 178
167 269
167 395
167 358
167 271
168 245
168 221
168 235
168 309
168 251
168 267
169 170
169 386
169 196
169 294
169 314
170 261
170 386
170 196
170 294
171 300
171 342
171 188
171 357
171 261
172 377
172 301
172 329
172 202
173 227
173 316
173 175
173 277
173 374
173 340
173 272
173 190
174 307
174 375
174 330
174 310
175 348
175 197
175 209
175 385
175 227
175 316
175 277
175 374
176 203
176 345
176 378
176 218
176 214
176 248
176 234
176 302
177 386
177 223
177 220
177 348
177 197
177 243
178 240
178 318
178 395
178 271
179 186
179 198
179 354
179 383
179 339
179 391
179 298
179 240
179 318
180 191
180 278
180 257
180 242
180 379
181 204
181 225
181 398
181 400
182 279
182 238
182 267
182 362
182 288
182 183
182 308
182 356
183 396
183 279
183 362
184 224
184 384
184 307
184 361
184 187
184 375
185 274
185 231
185 291
185 239
185 328
185 276
185 364
185 208
186 266
186 222
186 262
186 394
186 198
186 268
186 354
186 383
187 384
187 307
187 361
187 375
188 276
188 364
188 281
188 342
188 351
189 192
189 324
190 387
190 340
190 272
190 257
190 242
190 379
190 330
191 387
191 210
191 272
191 278
191 257
191 242
191 379
193 369
193 388
193 226
193 252
193 255
193 265
194 263
194 195
194 397
194 354
194 383
195 263
195 397
195 360
195 383
195 306
195 353
195 215
195 254
196 386
196 294
196 314
197 223
197 220
197 348
197 243
197 227
197 316
197 277
197 374
198 266
198 222
198 262
198 394
198 268
198 354
198 383
199 363
199 216
199 297
200 234
200 207
200 264
200 230
200 319
200 377
200 332
200 329
201 292
201 337
201 256
201 229
201 213
202 332
202 329
203 251
203 345
203 378
203 218
203 214
204 352
204 398
205 260
205 249
205 399
205 347
205 303
205 372
205 231
206 263
206 289
207 308
207 345
207 356
207 234
207 264
207 230
207 319
208 239
208 328
208 364
208 326
208 355
208 351
208 305
209 299
209 348
209 385
209 227
209 316
209 374
210 253
210 387
210 340
210 272
210 278
210 257
211 259
212 347
212 233
212 303
212 373
212 349
212 217
212 219
212 323
212 300
213 337
213 256
213 392
213 229
214 378
214 218
214 248
214 302
215 397
215 360
215 383
215 306
215 353
215 254
215 339
215 232
215 295
215 283
215 334
216 363
216 297
217 347
217 233
217 303
217 372
217 231
217 373
217 219
217 323
217 276
218 360
218 306
218 353
218 248
218 295
218 334
218 302
219 347
219 233
219 303
219 372
219 231
219 373
219 239
219 276
220 386
220 243
221 309
221 251
222 266
222 262
222 394
222 268
222 354
223 348
224 384
224 361
225 398
225 400
226 252
226 255
226 265
226 380
227 348
227 243
227 316
227 277
227 374
227 253
227 340
228 400
228 381
228 367
228 346
229 292
229 337
229 256
229 392
230 234
230 264
230 319
230 377
230 332
231 274
231 347
231 303
231 372
231 373
231 239
231 276
232 397
232 360
232 383
232 306
232 353
232 254
232 339
232 295
232 283
232 334
232 260
233 347
233 303
233 373
233 349
233 323
234 345
234 378
234 356
234 302
234 319
235 245
235 309
235 238
235 251
235 267
235 288
236 275
236 268
237 294
237 314
237 376
237 270
237 363
238 245
238 309
238 279
238 267
238 288
238 308
239 372
239 373
239 276
239 364
239 281
240 391
240 298
240 318
240 250
241 317
241 311
241 320
241 304
241 396
241 279
241 362
242 272
242 278
242 257
242 379
243 277
243 253
244 301
244 258
245 309
246 302
246 359
246 343
246 365
246 332
247 284
247 336
248 306
248 353
248 295
248 334
248 302
249 295
249 334
249 260
249 399
250 341
250 298
250 269
251 309
251 267
251 288
251 345
251 378
252 255
252 265
252 380
252 338
253 277
253 387
253 340
253 272
254 397
254 354
254 360
254 383
254 353
254 339
254 391
254 295
254 283
255 265
255 380
255 338
256 290
256 292
256 337
256 392
257 387
257 340
257 272
257 278
257 379
258 259
260 295
260 283
260 334
260 399
261 342
261 357
262 266
262 394
262 268
262 354
264 382
264 319
264 377
265 380
265 338
266 394
267 309
267 288
267 308
267 345
267 356
268 275
268 394
269 313
269 395
269 358
270 314
270 376
270 363
271 395
271 358
271 368
271 291
271 328
272 277
272 387
272 340
272 278
272 379
273 293
273 321
274 372
276 303
276 372
276 373
276 364
276 281
277 348
277 316
277 374
277 340
278 387
278 340
278 379
279 317
279 320
279 304
279 396
279 362
280 381
280 346
280 287
280 333
281 364
281 342
281 351
282 333
283 383
283 339
283 391
283 295
283 334
284 325
284 336
284 369
285 312
285 392
286 331
286 335
286 370
286 350
287 367
287 346
288 309
288 308
288 345
288 378
288 356
290 370
290 344
290 292
290 337
290 392
291 368
291 328
292 344
292 337
292 392
293 321
294 314
294 376
295 360
295 306
295 353
295 339
295 334
296 322
298 391
298 318
299 389
299 322
299 385
300 349
300 323
300 357
302 359
302 343
302 365
303 347
303 372
303 373
304 311
304 320
304 396
304 369
304 388
304 362
305 364
305 326
305 355
305 351
305 389
306 360
306 353
306 334
307 384
307 361
307 375
307 310
308 345
308 356
310 361
310 375
311 325
311 320
311 396
312 350
312 392
313 327
314 376
315 326
315 355
315 390
315 389
316 348
316 385
316 374
317 320
317 396
318 391
319 377
319 365
319 332
319 329
320 396
320 362
323 349
326 328
326 364
326 355
327 341
328 355
329 332
330 379
331 335
331 370
332 359
332 365
334 353
334 399
335 370
335 344
337 344
337 392
338 380
338 393
339 397
339 354
339 383
339 391
340 387
343 359
343 365
344 370
345 378
345 356
346 381
346 367
347 372
347 373
348 385
348 374
350 370
351 364
352 393
352 371
353 397
353 360
354 394
354 397
354 383
354 391
355 390
358 395
358 368
359 365
360 397
361 384
361 375
362 396
362 388
367 381
368 395
369 396
369 388
371 393
372 373
374 385
377 382
383 397
383 391
388 396
389 390
398 400
