400 8450
1 361
1 125
1 161
1 231
1 96
1 136
1 116
1 239
1 327
1 380
1 248
1 52
1 147
1 382
1 199
1 375
1 154
1 279
1 189
1 20
1 197
1 29
1 351
1 122
1 326
1 51
1 17
1 126
1 246
1 181
1 394
1 253
1 173
1 72
1 128
1 40
1 355
1 177
1 317
1 256
2 341
2 169
2 383
2 376
2 60
2 318
2 252
2 216
2 58
2 269
2 104
2 117
2 372
2 97
2 227
2 393
2 205
2 219
2 92
2 369
2 208
2 187
2 16
2 328
2 303
2 131
2 150
2 258
2 220
2 8
2 353
2 209
2 115
2 288
2 167
2 295
2 160
2 3
2 286
2 88
2 140
3 92
3 187
3 16
3 328
3 303
3 131
3 150
3 258
3 220
3 8
3 353
3 209
3 115
3 288
3 167
3 295
3 160
3 39
3 286
3 88
3 140
3 367
3 90
3 309
3 329
3 210
3 298
3 134
3 283
3 280
3 174
3 144
3 333
3 176
3 379
3 325
3 281
3 347
3 293
3 14
3 48
3 129
3 212
3 41
3 107
3 111
3 188
3 396
3 346
4 99
4 139
4 42
4 93
4 320
4 89
4 392
4 22
4 389
4 143
4 61
4 87
4 168
4 337
4 158
4 363
4 127
4 226
4 275
4 165
4 383
4 352
4 252
4 251
4 31
4 11
4 247
4 216
4 19
4 311
4 370
4 336
4 46
4 259
4 97
4 308
4 297
4 393
4 271
4 205
4 182
5 299
5 42
5 260
5 241
5 324
5 164
5 292
5 290
5 87
5 157
5 98
5 158
5 262
5 264
5 127
5 226
5 275
5 65
5 165
5 377
5 284
5 268
5 352
5 31
5 11
5 247
5 336
5 334
6 282
6 238
6 83
6 235
6 273
6 249
6 310
6 358
6 66
6 254
6 106
6 344
6 338
6 277
6 263
6 119
6 7
6 10
6 18
6 243
6 228
6 304
6 313
6 331
6 109
6 398
6 342
6 63
6 257
6 172
6 272
6 141
6 194
6 265
6 244
6 12
6 34
6 13
6 387
6 289
6 142
6 75
6 123
6 368
6 163
6 57
7 336
7 46
7 259
7 308
7 297
7 282
7 238
7 182
7 235
7 273
7 291
7 249
7 310
7 385
7 66
7 254
7 106
7 344
7 338
7 277
7 263
7 119
7 10
7 18
7 228
7 304
7 313
7 331
7 109
7 398
7 342
7 63
7 257
7 172
7 272
7 141
7 194
7 244
7 12
7 13
7 387
7 289
7 142
7 123
7 368
8 97
8 227
8 393
8 271
8 205
8 219
8 369
8 214
8 208
8 385
8 255
8 303
8 150
8 258
8 220
8 209
8 115
8 288
8 167
8 109
8 295
8 342
8 160
8 39
8 286
8 88
8 140
8 194
8 367
8 90
8 309
8 120
8 210
8 298
8 237
8 283
8 280
8 174
8 110
8 144
8 333
8 176
8 379
8 121
8 222
8 325
8 281
8 211
8 388
8 278
8 149
8 14
9 36
9 356
9 118
9 362
9 108
9 69
9 56
9 85
9 103
9 35
9 196
9 38
9 306
9 76
9 199
9 43
9 279
9 213
9 266
9 233
9 296
9 390
9 245
9 203
9 27
9 335
9 253
9 79
9 146
9 321
9 322
10 336
10 46
10 259
10 308
10 297
10 271
10 282
10 182
10 235
10 273
10 291
10 310
10 214
10 385
10 66
10 254
10 255
10 106
10 344
10 338
10 277
10 263
10 18
10 228
10 304
10 313
10 109
10 398
10 342
10 63
10 257
10 172
10 272
10 194
10 244
10 237
10 12
10 121
10 13
10 350
10 142
10 75
10 123
10 84
11 42
11 93
11 22
11 389
11 292
11 61
11 87
11 337
11 158
11 127
11 226
11 275
11 165
11 377
11 352
11 251
11 31
11 247
11 19
11 311
11 370
11 336
11 46
11 259
11 308
11 297
11 271
11 282
11 238
11 182
11 235
11 273
11 291
11 310
11 385
11 254
11 106
12 66
12 254
12 106
12 344
12 338
12 277
12 263
12 119
12 18
12 228
12 304
12 313
12 331
12 109
12 398
12 342
12 63
12 257
12 172
12 272
12 141
12 194
12 265
12 244
12 23
12 34
12 13
12 387
12 289
12 350
12 142
12 75
12 123
12 368
12 84
12 163
12 371
12 57
12 312
12 145
12 26
12 319
12 130
12 217
12 276
12 24
12 229
12 361
12 125
13 106
13 277
13 263
13 18
13 228
13 304
13 313
13 109
13 398
13 342
13 63
13 257
13 172
13 272
13 194
13 309
13 120
13 244
13 237
13 110
13 121
13 387
13 289
13 222
13 350
13 142
13 211
13 75
13 123
13 368
13 388
13 84
13 163
13 332
13 57
13 145
13 101
13 319
13 217
13 201
13 276
13 180
13 294
13 274
13 70
13 125
13 185
13 68
14 209
14 115
14 288
14 295
14 39
14 286
14 88
14 140
14 367
14 90
14 309
14 120
14 210
14 298
14 237
14 134
14 283
14 280
14 174
14 110
14 144
14 333
14 176
14 379
14 121
14 222
14 350
14 325
14 281
14 211
14 347
14 388
14 278
14 149
14 332
14 293
14 48
14 129
14 212
14 159
14 200
14 41
14 107
14 101
14 111
14 396
14 346
14 201
14 25
14 44
14 180
14 133
14 114
14 70
14 302
14 67
14 91
14 81
14 354
14 323
14 73
14 202
14 45
14 77
15 339
15 378
15 179
15 380
15 151
15 52
15 74
15 218
15 37
15 206
15 375
15 236
15 204
15 189
15 207
15 30
15 351
15 316
15 400
15 122
15 364
15 17
15 21
15 246
15 59
15 175
15 112
15 355
16 376
16 60
16 58
16 269
16 104
16 117
16 372
16 227
16 219
16 92
16 187
16 328
16 303
16 131
16 150
16 258
16 220
16 353
16 209
16 167
16 160
16 286
16 88
16 140
16 367
16 329
16 210
16 134
16 283
17 68
17 136
17 116
17 339
17 327
17 378
17 179
17 380
17 248
17 151
17 52
17 147
17 218
17 37
17 206
17 375
17 154
17 236
17 189
17 207
17 30
17 351
17 400
17 122
17 51
17 126
17 21
17 246
17 181
17 175
17 112
17 355
18 46
18 259
18 308
18 297
18 282
18 182
18 235
18 273
18 291
18 310
18 214
18 385
18 66
18 254
18 255
18 106
18 344
18 338
18 277
18 263
18 119
18 228
18 304
18 313
18 331
18 109
18 398
18 342
18 63
18 257
18 172
18 272
18 194
18 244
18 237
18 121
18 387
18 350
18 142
18 75
18 123
18 368
18 84
19 93
19 320
19 392
19 22
19 389
19 143
19 61
19 337
19 158
19 363
19 127
19 226
19 275
19 165
19 383
19 352
19 252
19 251
19 31
19 247
19 216
19 311
19 370
19 336
19 46
19 259
19 97
19 308
19 297
19 393
19 271
19 205
19 219
19 182
19 369
19 291
19 214
19 208
19 385
19 255
20 229
20 361
20 267
20 161
20 231
20 96
20 116
20 239
20 327
20 248
20 38
20 306
20 147
20 382
20 199
20 375
20 154
20 279
20 213
20 189
20 197
20 29
20 266
20 233
20 351
20 122
20 326
20 51
20 126
20 245
20 181
20 394
20 253
20 173
20 146
20 72
20 128
20 40
20 33
20 177
20 317
20 256
21 67
21 354
21 73
21 202
21 45
21 339
21 77
21 100
21 378
21 179
21 156
21 151
21 374
21 74
21 218
21 37
21 206
21 236
21 82
21 204
21 223
21 138
21 207
21 30
21 357
21 316
21 400
21 301
21 364
21 198
21 132
21 246
21 195
21 261
21 59
21 175
21 112
21 355
21 330
22 360
22 99
22 299
22 139
22 42
22 93
22 320
22 89
22 392
22 389
22 143
22 61
22 87
22 168
22 337
22 158
22 363
22 127
22 226
22 275
22 165
22 383
22 352
22 252
22 251
22 31
22 311
22 370
23 358
23 28
23 47
23 338
23 62
23 119
23 307
23 386
23 243
23 331
23 80
23 166
23 366
23 32
23 53
23 272
23 141
23 152
23 54
23 265
23 102
23 315
23 240
23 105
23 34
23 183
23 387
23 289
23 225
23 221
23 178
23 300
23 163
23 314
23 371
23 190
23 381
23 95
23 312
23 26
23 287
23 130
23 391
23 135
23 191
23 397
23 24
23 356
23 267
24 265
24 105
24 34
24 387
24 289
24 225
24 123
24 368
24 221
24 163
24 371
24 190
24 381
24 95
24 57
24 312
24 26
24 287
24 319
24 130
24 217
24 391
24 276
24 135
24 191
24 397
24 36
24 229
24 356
24 361
24 267
24 118
24 362
24 108
24 69
24 125
24 161
24 56
24 231
24 96
24 103
24 116
24 239
24 327
24 38
24 306
24 147
24 382
24 199
24 279
25 140
25 367
25 90
25 329
25 210
25 134
25 283
25 280
25 144
25 333
25 176
25 379
25 325
25 281
25 347
25 278
25 149
25 293
25 48
25 129
25 212
25 159
25 200
25 41
25 107
25 111
25 188
25 396
25 346
25 171
25 184
25 44
25 399
25 133
25 114
25 348
25 67
25 91
25 49
25 81
25 354
25 395
25 323
25 50
25 156
25 374
26 331
26 398
26 172
26 272
26 141
26 152
26 54
26 265
26 244
26 105
26 34
26 387
26 289
26 142
26 225
26 75
26 123
26 368
26 221
26 163
26 371
26 190
26 381
26 95
26 57
26 312
26 145
26 287
26 319
26 130
26 217
26 391
26 276
26 135
26 191
26 397
26 229
26 356
26 361
26 267
26 362
26 125
26 161
26 231
26 96
26 239
27 56
27 85
27 103
27 35
27 196
27 38
27 306
27 76
27 382
27 199
27 43
27 279
27 213
27 197
27 29
27 266
27 233
27 296
27 390
27 245
27 203
27 335
27 394
27 253
27 79
27 173
27 146
27 40
27 33
27 321
27 322
27 256
28 343
28 334
28 78
28 359
28 230
28 234
28 170
28 137
28 113
28 124
28 238
28 83
28 340
28 232
28 242
28 249
28 270
28 155
28 358
28 55
28 349
28 47
28 344
28 338
28 62
28 119
28 307
28 386
28 243
28 331
28 80
28 166
28 366
28 32
28 53
28 141
28 152
28 54
28 265
28 102
28 105
29 267
29 161
29 56
29 231
29 96
29 103
29 239
29 196
29 327
29 248
29 38
29 306
29 147
29 382
29 199
29 154
29 279
29 213
29 197
29 266
29 233
29 296
29 351
29 326
29 390
29 51
29 126
29 245
29 203
29 181
29 335
29 394
29 253
29 79
29 173
29 146
29 72
29 128
29 40
29 33
29 321
29 177
29 317
29 256
30 180
30 294
30 274
30 70
30 302
30 185
30 68
30 73
30 202
30 136
30 116
30 45
30 339
30 77
30 100
30 378
30 179
30 380
30 248
30 156
30 151
30 52
30 74
30 218
30 37
30 206
30 375
30 236
30 204
30 189
30 207
30 351
30 316
30 400
30 122
30 364
30 246
30 59
30 175
30 112
30 355
31 42
31 93
31 389
31 61
31 87
31 337
31 158
31 127
31 226
31 275
31 165
31 377
31 352
31 251
31 247
31 311
31 370
31 336
31 46
31 259
31 308
31 297
31 271
31 282
31 238
31 182
31 235
31 273
31 291
31 310
31 385
31 254
31 106
32 242
32 55
32 349
32 47
32 62
32 307
32 386
32 80
32 166
32 366
32 53
32 152
32 54
32 102
32 315
32 240
32 105
32 183
32 225
32 221
32 178
32 300
32 314
32 381
32 95
32 193
32 384
33 38
33 306
33 76
33 382
33 199
33 43
33 279
33 213
33 197
33 266
33 233
33 296
33 326
33 390
33 51
33 126
33 245
33 203
33 181
33 335
33 394
33 253
33 79
33 173
33 146
33 72
33 128
33 40
33 321
33 322
33 177
33 317
33 256
34 338
34 119
34 386
34 243
34 304
34 313
34 331
34 80
34 398
34 366
34 53
34 272
34 141
34 152
34 54
34 265
34 102
34 244
34 105
34 387
34 289
34 225
34 368
34 221
34 163
34 371
34 190
34 381
34 95
34 57
34 312
34 287
34 319
34 130
34 217
34 391
34 276
34 135
34 191
34 397
34 229
34 356
34 361
34 267
35 221
35 178
35 300
35 314
35 381
35 95
35 193
35 384
35 391
35 135
35 191
35 397
35 36
35 356
35 267
35 118
35 362
35 108
35 69
35 56
35 85
35 103
35 196
35 38
35 306
35 76
35 199
35 43
35 279
35 213
35 266
35 233
35 296
35 390
35 245
35 203
35 335
35 79
36 102
36 315
36 240
36 105
36 183
36 225
36 221
36 178
36 300
36 314
36 371
36 190
36 381
36 95
36 312
36 287
36 193
36 384
36 391
36 135
36 191
36 397
36 356
36 267
36 118
36 362
36 108
36 69
36 56
36 85
36 103
36 196
36 38
36 306
36 76
36 43
36 213
37 201
37 180
37 294
37 274
37 114
37 70
37 302
37 185
37 67
37 68
37 354
37 73
37 202
37 136
37 116
37 45
37 339
37 77
37 100
37 378
37 179
37 380
37 248
37 156
37 151
37 52
37 74
37 218
37 206
37 375
37 236
37 204
37 189
37 207
37 316
37 400
37 122
37 364
37 246
37 59
37 175
37 112
37 355
38 391
38 135
38 191
38 397
38 356
38 361
38 267
38 118
38 362
38 108
38 69
38 161
38 56
38 231
38 96
38 85
38 103
38 239
38 196
38 306
38 76
38 147
38 382
38 199
38 43
38 154
38 279
38 213
38 197
38 266
38 233
38 296
38 326
38 390
38 51
38 126
38 245
38 203
38 335
38 394
38 253
38 79
38 173
38 146
38 72
38 128
38 40
38 321
38 317
38 256
39 369
39 214
39 208
39 385
39 255
39 303
39 150
39 258
39 220
39 209
39 115
39 288
39 167
39 109
39 295
39 342
39 286
39 88
39 140
39 194
39 367
39 90
39 309
39 120
39 210
39 298
39 237
39 283
39 280
39 174
39 110
39 144
39 333
39 176
39 379
39 121
39 222
39 350
39 325
39 281
39 211
39 388
39 278
39 149
39 332
39 293
39 129
39 212
39 159
39 200
39 107
39 101
40 306
40 147
40 382
40 199
40 279
40 213
40 197
40 266
40 233
40 296
40 326
40 390
40 51
40 126
40 245
40 203
40 181
40 335
40 394
40 253
40 79
40 173
40 146
40 72
40 128
40 321
40 177
40 317
40 256
41 209
41 167
41 160
41 286
41 88
41 140
41 367
41 90
41 329
41 210
41 298
41 134
41 283
41 280
41 174
41 144
41 333
41 176
41 379
41 222
41 325
41 281
41 347
41 388
41 278
41 149
41 293
41 48
41 129
41 212
41 159
41 200
41 107
41 111
41 188
41 396
41 346
41 171
41 184
41 44
41 399
41 133
41 114
41 348
41 67
41 91
41 49
41 81
41 354
41 395
41 323
41 50
42 99
42 299
42 139
42 260
42 93
42 320
42 241
42 324
42 389
42 292
42 143
42 61
42 87
42 337
42 158
42 127
42 226
42 275
42 165
42 352
42 247
43 356
43 118
43 362
43 108
43 69
43 56
43 85
43 103
43 196
43 306
43 76
43 199
43 279
43 213
43 266
43 233
43 296
43 390
43 245
43 203
43 335
43 253
43 79
43 146
43 321
43 322
44 367
44 90
44 210
44 298
44 134
44 283
44 280
44 174
44 110
44 144
44 333
44 176
44 379
44 222
44 325
44 281
44 211
44 347
44 388
44 278
44 149
44 293
44 48
44 129
44 212
44 159
44 200
44 107
44 111
44 188
44 396
44 346
44 171
44 184
44 399
44 133
44 114
44 70
44 302
44 348
44 67
44 91
44 49
44 81
44 354
44 395
44 323
44 73
44 202
44 45
44 50
44 77
44 100
44 378
44 156
44 374
44 74
44 82
45 388
45 278
45 149
45 332
45 129
45 212
45 159
45 200
45 107
45 101
45 346
45 201
45 180
45 294
45 274
45 114
45 70
45 302
45 185
45 67
45 68
45 91
45 81
45 354
45 323
45 73
45 202
45 339
45 50
45 77
45 100
45 378
45 179
45 156
45 151
45 374
45 74
45 218
45 206
45 236
45 82
45 204
45 138
45 207
45 357
45 316
45 400
45 301
45 364
45 198
45 132
45 59
45 175
45 112
46 87
46 337
46 158
46 127
46 226
46 275
46 165
46 352
46 251
46 247
46 311
46 370
46 336
46 259
46 308
46 297
46 393
46 271
46 282
46 238
46 205
46 182
46 235
46 273
46 369
46 291
46 310
46 214
46 385
46 66
46 254
46 255
46 106
46 277
46 263
47 343
47 334
47 78
47 359
47 230
47 234
47 170
47 137
47 113
47 124
47 83
47 340
47 232
47 242
47 249
47 270
47 155
47 358
47 55
47 349
47 338
47 62
47 119
47 307
47 386
47 243
47 331
47 80
47 166
47 366
47 53
47 141
47 152
47 54
47 265
47 102
47 105
48 209
48 167
48 160
48 286
48 88
48 140
48 367
48 90
48 329
48 210
48 298
48 134
48 283
48 280
48 174
48 144
48 333
48 176
48 379
48 325
48 281
48 347
48 388
48 278
48 149
48 293
48 129
48 212
48 159
48 200
48 107
48 111
48 188
48 396
48 346
48 171
48 184
48 399
48 133
48 348
48 67
48 91
48 49
48 81
48 354
48 395
48 323
48 50
49 325
49 347
49 293
49 129
49 212
49 107
49 111
49 188
49 396
49 346
49 171
49 184
49 399
49 133
49 348
49 67
49 91
49 81
49 354
49 395
49 323
49 50
49 156
49 374
49 82
49 223
49 138
49 357
49 301
49 198
49 132
49 195
49 261
50 293
50 129
50 212
50 107
50 111
50 188
50 396
50 346
50 171
50 184
50 399
50 133
50 114
50 348
50 67
50 91
50 81
50 354
50 395
50 323
50 73
50 202
50 77
50 100
50 378
50 156
50 151
50 374
50 74
50 218
50 82
50 204
50 223
50 138
50 357
50 316
50 301
50 364
50 198
50 132
50 195
50 261
50 59
50 330
51 161
51 231
51 96
51 136
51 116
51 239
51 327
51 380
51 248
51 52
51 306
51 147
51 382
51 199
51 375
51 154
51 279
51 213
51 189
51 197
51 266
51 233
51 351
51 122
51 326
51 126
51 245
51 181
51 394
51 253
51 173
51 72
51 128
51 177
51 317
51 256
52 201
52 180
52 294
52 274
52 70
52 125
52 302
52 185
52 68
52 231
52 96
52 202
52 136
52 116
52 239
52 339
52 327
52 378
52 179
52 380
52 248
52 151
52 147
52 206
52 375
52 154
52 236
52 189
52 207
52 351
52 400
52 122
52 126
52 246
52 181
52 175
52 355
53 232
53 270
53 155
53 358
53 55
53 349
53 62
53 307
53 386
53 243
53 331
53 80
53 166
53 366
53 141
53 152
53 54
53 265
53 102
53 315
53 240
53 105
53 183
53 225
53 221
53 178
53 300
53 314
53 371
53 190
53 381
53 95
53 312
53 287
53 193
53 384
53 391
53 135
53 191
54 270
54 155
54 358
54 349
54 338
54 62
54 119
54 307
54 386
54 243
54 331
54 80
54 166
54 366
54 272
54 141
54 152
54 265
54 102
54 315
54 240
54 105
54 183
54 289
54 225
54 221
54 178
54 300
54 314
54 371
54 190
54 381
54 95
54 312
54 287
54 193
54 130
54 391
54 135
54 191
54 397
55 230
55 234
55 137
55 113
55 124
55 232
55 242
55 270
55 155
55 349
55 62
55 307
55 386
55 80
55 166
55 366
55 315
55 240
56 225
56 221
56 178
56 300
56 314
56 371
56 190
56 381
56 95
56 312
56 287
56 193
56 384
56 391
56 135
56 191
56 397
56 356
56 267
56 118
56 362
56 108
56 69
56 161
56 96
56 85
56 103
56 239
56 196
56 306
56 76
56 382
56 199
56 279
56 213
56 197
56 266
56 233
56 296
56 390
56 245
56 203
57 228
57 304
57 313
57 331
57 398
57 63
57 257
57 172
57 272
57 141
57 265
57 244
57 387
57 289
57 350
57 142
57 75
57 123
57 368
57 84
57 163
57 371
57 190
57 312
57 145
57 287
57 319
57 130
57 217
57 391
57 276
57 229
57 361
57 267
57 294
57 274
57 125
57 161
57 231
57 96
57 136
57 116
57 239
57 327
58 94
58 365
58 373
58 162
58 341
58 169
58 376
58 60
58 318
58 269
58 104
58 117
58 372
58 227
58 219
58 92
58 187
58 328
58 131
59 354
59 323
59 73
59 202
59 77
59 100
59 378
59 156
59 151
59 374
59 74
59 218
59 206
59 236
59 82
59 204
59 223
59 138
59 207
59 357
59 316
59 400
59 301
59 364
59 198
59 132
59 246
59 195
59 261
59 175
59 112
59 330
60 345
60 148
60 94
60 365
60 224
60 89
60 392
60 168
60 373
60 162
60 363
60 341
60 169
60 383
60 376
60 318
60 252
60 216
60 269
60 104
60 117
60 372
60 97
60 227
60 393
60 219
60 92
61 360
61 99
61 139
61 148
61 224
61 93
61 320
61 89
61 392
61 389
61 143
61 168
61 373
61 337
61 158
61 363
61 127
61 226
61 383
61 252
61 251
61 216
61 311
61 370
61 97
62 230
62 234
62 170
62 137
62 113
62 124
62 83
62 340
62 232
62 242
62 249
62 270
62 155
62 358
62 349
62 307
62 386
62 243
62 80
62 166
62 366
62 152
62 102
62 315
62 240
62 105
62 183
63 182
63 235
63 273
63 291
63 310
63 385
63 66
63 254
63 255
63 106
63 344
63 338
63 277
63 263
63 119
63 228
63 304
63 313
63 331
63 109
63 398
63 342
63 257
63 172
63 272
63 194
63 120
63 244
63 237
63 121
63 387
63 289
63 350
63 142
63 75
63 123
63 368
63 84
63 163
63 145
63 319
64 250
64 215
64 164
64 285
64 192
64 157
64 262
64 264
64 305
64 153
64 186
64 86
65 260
65 241
65 215
65 324
65 164
65 292
65 290
65 285
65 192
65 87
65 157
65 98
65 262
65 264
65 305
65 153
65 275
65 186
65 86
65 165
65 377
65 284
65 268
65 247
65 343
65 334
65 78
65 359
65 230
65 170
65 238
65 83
65 340
65 232
65 249
65 270
65 358
66 352
66 247
66 336
66 334
66 259
66 359
66 308
66 297
66 170
66 282
66 238
66 182
66 83
66 340
66 235
66 273
66 291
66 249
66 310
66 358
66 385
66 254
66 106
66 344
66 338
66 277
66 263
66 119
66 243
66 228
66 304
66 313
66 331
66 398
66 257
66 172
66 272
66 141
66 244
67 144
67 333
67 176
67 379
67 222
67 325
67 281
67 211
67 388
67 278
67 149
67 332
67 293
67 129
67 212
67 159
67 200
67 107
67 101
67 396
67 346
67 201
67 180
67 133
67 114
67 70
67 302
67 185
67 68
67 91
67 81
67 354
67 395
67 323
67 73
67 202
67 339
67 77
67 100
67 378
67 179
67 156
67 151
67 374
67 74
67 218
67 206
67 82
67 204
67 223
67 138
67 207
67 357
67 316
67 400
67 364
67 198
68 121
68 350
68 142
68 211
68 75
68 84
68 332
68 145
68 101
68 319
68 217
68 201
68 180
68 294
68 274
68 114
68 70
68 125
68 302
68 185
68 73
68 202
68 136
68 116
68 339
68 77
68 327
68 100
68 378
68 179
68 380
68 248
68 151
68 74
68 218
68 206
68 375
68 236
68 189
68 207
68 122
68 246
69 240
69 183
69 225
69 221
69 178
69 300
69 314
69 371
69 190
69 381
69 95
69 312
69 287
69 193
69 384
69 391
69 135
69 191
69 397
69 356
69 267
69 118
69 362
69 108
69 85
69 103
69 196
69 306
69 76
69 199
69 279
69 213
69 266
69 233
69 296
69 390
70 110
70 121
70 222
70 350
70 211
70 75
70 388
70 84
70 278
70 149
70 332
70 129
70 212
70 159
70 200
70 145
70 107
70 101
70 201
70 180
70 294
70 274
70 114
70 125
70 302
70 185
70 354
70 73
70 202
70 136
70 116
70 339
70 77
70 100
70 378
70 179
70 380
70 156
70 151
70 74
70 218
70 206
70 236
70 207
70 400
71 82
71 223
71 138
71 357
71 301
71 198
71 132
71 195
71 261
71 330
72 239
72 327
72 248
72 306
72 147
72 382
72 199
72 375
72 154
72 279
72 213
72 189
72 197
72 266
72 233
72 351
72 122
72 326
72 126
72 245
72 181
72 394
72 253
72 173
72 128
72 177
72 317
72 256
73 211
73 388
73 278
73 149
73 332
73 129
73 212
73 159
73 200
73 107
73 101
73 346
73 201
73 180
73 294
73 274
73 114
73 302
73 185
73 81
73 354
73 323
73 202
73 339
73 77
73 100
73 378
73 179
73 156
73 151
73 374
73 74
73 218
73 206
73 236
73 82
73 204
73 207
73 357
73 316
73 400
73 364
73 198
73 175
73 112
74 180
74 114
74 302
74 185
74 81
74 354
74 323
74 202
74 339
74 77
74 100
74 378
74 179
74 156
74 151
74 374
74 218
74 206
74 236
74 82
74 204
74 223
74 138
74 207
74 357
74 316
74 400
74 301
74 364
74 198
74 132
74 246
74 261
74 175
74 112
74 330
75 228
75 304
75 313
75 109
75 398
75 342
75 257
75 172
75 272
75 194
75 244
75 237
75 121
75 387
75 289
75 222
75 350
75 142
75 211
75 123
75 368
75 84
75 163
75 332
75 145
75 101
75 319
75 130
75 217
75 201
75 276
75 229
75 180
75 294
75 274
75 125
75 185
75 136
75 116
76 384
76 191
76 356
76 118
76 362
76 108
76 85
76 103
76 196
76 306
76 199
76 279
76 213
76 266
76 233
76 296
76 390
76 245
76 203
76 335
76 253
76 79
76 146
76 321
76 322
77 212
77 159
77 200
77 107
77 101
77 201
77 180
77 294
77 274
77 114
77 302
77 185
77 81
77 354
77 323
77 202
77 339
77 100
77 378
77 179
77 156
77 151
77 374
77 218
77 206
77 236
77 82
77 204
77 138
77 207
77 357
77 316
77 400
77 301
77 364
77 198
77 132
77 246
77 175
77 112
78 290
78 285
78 192
78 157
78 98
78 262
78 264
78 305
78 153
78 186
78 86
78 377
78 284
78 268
78 343
78 334
78 359
78 230
78 234
78 170
78 137
78 113
78 124
78 238
78 83
78 340
78 232
78 242
78 249
78 270
78 155
78 358
78 349
78 344
78 338
78 119
78 307
78 243
79 85
79 103
79 196
79 306
79 199
79 279
79 213
79 197
79 266
79 233
79 296
79 390
79 245
79 203
79 335
79 394
79 253
79 173
79 146
79 321
79 322
79 256
80 137
80 113
80 340
80 232
80 242
80 249
80 270
80 155
80 358
80 349
80 119
80 307
80 386
80 243
80 331
80 166
80 366
80 141
80 152
80 265
80 102
80 315
80 240
80 105
80 183
80 225
80 221
80 178
80 300
80 314
80 371
80 190
80 381
80 95
80 312
81 325
81 281
81 347
81 293
81 129
81 212
81 159
81 200
81 107
81 111
81 188
81 396
81 346
81 171
81 184
81 399
81 133
81 114
81 302
81 348
81 91
81 354
81 395
81 323
81 202
81 100
81 378
81 156
81 151
81 374
81 218
81 82
81 204
81 223
81 138
81 357
81 316
81 301
81 364
81 198
81 132
81 195
81 261
82 133
82 348
82 91
82 354
82 395
82 323
82 100
82 378
82 156
82 151
82 374
82 218
82 204
82 223
82 138
82 357
82 316
82 400
82 301
82 364
82 198
82 132
82 195
82 261
82 112
82 330
83 262
83 264
83 305
83 186
83 377
83 284
83 268
83 343
83 334
83 359
83 230
83 234
83 170
83 137
83 113
83 124
83 282
83 238
83 340
83 235
83 273
83 232
83 249
83 270
83 155
83 358
83 349
83 344
83 338
83 119
83 307
83 386
83 243
83 331
83 366
84 228
84 304
84 313
84 109
84 398
84 342
84 257
84 172
84 272
84 194
84 120
84 244
84 237
84 110
84 121
84 387
84 289
84 222
84 350
84 142
84 211
84 123
84 368
84 163
84 332
84 145
84 101
84 319
84 217
84 201
84 276
84 229
84 180
84 294
84 274
84 125
84 185
84 136
84 116
85 225
85 221
85 178
85 300
85 314
85 190
85 381
85 95
85 287
85 193
85 384
85 391
85 135
85 191
85 397
85 356
85 267
85 118
85 362
85 108
85 103
85 196
85 306
85 199
85 279
85 213
85 266
85 233
85 296
85 390
85 245
85 203
85 335
86 250
86 215
86 164
86 285
86 192
86 157
86 262
86 264
86 305
86 153
86 186
86 284
86 343
86 359
86 230
86 234
86 170
86 137
86 113
86 124
86 232
86 242
86 270
86 155
87 99
87 299
87 260
87 93
87 241
87 324
87 389
87 292
87 290
87 98
87 158
87 127
87 226
87 275
87 165
87 377
87 268
87 352
87 247
87 370
87 336
87 259
88 92
88 208
88 187
88 328
88 303
88 131
88 150
88 258
88 220
88 353
88 209
88 115
88 288
88 167
88 295
88 160
88 286
88 140
88 367
88 90
88 309
88 120
88 329
88 210
88 298
88 134
88 283
88 280
88 174
88 110
88 144
88 333
88 176
88 379
88 222
88 325
88 281
88 347
88 388
88 278
88 149
88 293
88 129
88 212
88 159
88 200
88 107
88 111
88 396
88 346
89 360
89 99
89 345
89 139
89 148
89 94
89 365
89 224
89 93
89 320
89 392
89 389
89 143
89 168
89 373
89 337
89 363
89 341
89 169
89 383
89 318
89 252
89 251
89 216
89 311
90 208
90 303
90 150
90 258
90 220
90 353
90 209
90 115
90 288
90 167
90 295
90 160
90 286
90 140
90 367
90 309
90 120
90 329
90 210
90 298
90 237
90 134
90 283
90 280
90 174
90 110
90 144
90 333
90 176
90 379
90 121
90 222
90 325
90 281
90 211
90 347
90 388
90 278
90 149
90 332
90 293
90 129
90 212
90 159
90 200
90 107
90 111
90 396
90 346
91 325
91 281
91 347
91 293
91 129
91 212
91 107
91 111
91 188
91 396
91 346
91 171
91 184
91 399
91 133
91 348
91 354
91 395
91 323
91 100
91 156
91 374
91 204
91 223
91 138
91 357
91 301
91 198
91 132
91 195
91 261
92 341
92 169
92 383
92 376
92 318
92 252
92 216
92 269
92 104
92 117
92 372
92 97
92 227
92 393
92 219
92 208
92 187
92 328
92 303
92 131
92 150
92 258
92 220
92 353
92 209
92 167
92 160
92 286
92 140
93 99
93 299
93 139
93 320
93 392
93 389
93 143
93 337
93 158
93 127
93 226
93 275
93 165
93 251
93 311
93 370
94 360
94 345
94 148
94 365
94 224
94 168
94 373
94 162
94 363
94 341
94 169
94 376
94 318
94 269
95 386
95 166
95 366
95 152
95 265
95 102
95 315
95 240
95 105
95 183
95 225
95 221
95 178
95 300
95 314
95 371
95 190
95 381
95 312
95 287
95 193
95 130
95 384
95 391
95 135
95 191
95 397
95 356
95 267
95 118
95 362
95 108
95 103
95 196
96 289
96 368
96 163
96 371
96 190
96 312
96 287
96 319
96 130
96 217
96 391
96 276
96 135
96 397
96 229
96 356
96 361
96 267
96 362
96 125
96 161
96 231
96 136
96 116
96 239
96 327
96 380
96 248
96 306
96 147
96 382
96 199
96 375
96 154
96 279
96 213
96 189
96 197
96 351
96 122
96 326
96 126
96 181
97 392
97 143
97 168
97 373
97 337
97 363
97 341
97 169
97 383
97 318
97 252
97 251
97 216
97 269
97 311
97 370
97 104
97 117
97 372
97 308
97 227
97 393
97 271
97 205
97 219
97 182
97 369
97 291
97 214
97 208
97 385
97 255
97 303
97 150
97 258
98 299
98 260
98 241
98 215
98 324
98 164
98 292
98 290
98 285
98 192
98 157
98 158
98 262
98 264
98 305
98 226
98 275
98 186
98 165
98 377
98 284
98 268
98 247
98 343
98 334
98 359
98 170
98 238
99 299
99 139
99 320
99 392
99 389
99 143
99 337
99 158
99 127
99 226
99 275
99 165
100 212
100 159
100 200
100 107
100 201
100 180
100 294
100 114
100 302
100 185
100 354
100 395
100 323
100 202
100 339
100 378
100 179
100 156
100 151
100 374
100 218
100 206
100 236
100 204
100 223
100 138
100 207
100 357
100 316
100 400
100 301
100 364
100 198
100 132
100 261
100 175
100 112
101 109
101 342
101 194
101 309
101 120
101 298
101 237
101 280
101 174
101 110
101 144
101 333
101 121
101 222
101 350
101 142
101 211
101 123
101 388
101 278
101 149
101 332
101 129
101 212
101 159
101 200
101 145
101 107
101 201
101 180
101 294
101 274
101 114
101 302
101 185
101 202
101 339
101 378
101 179
102 349
102 307
102 386
102 243
102 331
102 166
102 366
102 141
102 152
102 265
102 315
102 240
102 105
102 183
102 225
102 221
102 178
102 300
102 314
102 371
102 190
102 381
102 312
102 287
102 193
102 384
102 391
102 135
102 191
102 397
102 356
103 225
103 221
103 178
103 314
103 371
103 190
103 381
103 312
103 287
103 193
103 384
103 391
103 135
103 191
103 397
103 356
103 267
103 118
103 362
103 108
103 196
103 306
103 382
103 199
103 279
103 213
103 197
103 266
103 233
103 296
103 390
103 245
103 203
103 335
103 253
103 146
104 168
104 373
104 162
104 363
104 341
104 169
104 383
104 376
104 318
104 252
104 216
104 269
104 117
104 372
104 227
104 393
104 205
104 219
104 369
104 208
104 187
104 303
104 150
104 258
105 307
105 386
105 243
105 331
105 166
105 366
105 141
105 152
105 265
105 315
105 240
105 183
105 289
105 225
105 221
105 178
105 300
105 163
105 314
105 371
105 190
105 381
105 312
105 287
105 193
105 130
105 384
105 391
105 135
105 191
105 397
105 356
105 267
105 118
105 362
105 108
106 247
106 370
106 336
106 259
106 308
106 297
106 271
106 282
106 238
106 182
106 235
106 273
106 291
106 310
106 214
106 385
106 254
106 255
106 344
106 338
106 277
106 263
106 119
106 228
106 304
106 313
106 331
106 109
106 398
106 342
106 257
106 172
106 272
106 194
106 244
107 209
107 115
107 288
107 295
107 286
107 140
107 367
107 309
107 120
107 329
107 210
107 298
107 134
107 283
107 280
107 174
107 110
107 144
107 333
107 176
107 379
107 121
107 222
107 325
107 281
107 211
107 347
107 388
107 278
107 149
107 332
107 293
107 129
107 212
107 159
107 200
107 111
107 188
107 396
107 346
107 184
107 180
107 399
107 133
107 114
107 302
107 354
107 395
107 323
107 202
108 240
108 183
108 225
108 221
108 178
108 300
108 314
108 371
108 190
108 381
108 312
108 287
108 193
108 384
108 391
108 135
108 191
108 397
108 356
108 267
108 118
108 362
108 196
108 306
108 199
108 279
108 213
108 266
108 233
108 296
108 390
109 271
109 182
109 369
109 291
109 310
109 214
109 208
109 385
109 254
109 255
109 303
109 277
109 263
109 150
109 228
109 304
109 115
109 288
109 313
109 398
109 295
109 342
109 257
109 172
109 194
109 309
109 120
109 244
109 298
109 237
109 174
109 110
109 121
109 222
109 350
109 142
109 211
109 123
109 388
109 332
109 145
110 255
110 303
110 150
110 258
110 209
110 115
110 288
110 295
110 342
110 286
110 140
110 194
110 309
110 120
110 210
110 298
110 237
110 283
110 280
110 174
110 144
110 333
110 176
110 379
110 121
110 222
110 350
110 325
110 281
110 211
110 388
110 278
110 149
110 332
110 293
110 129
110 212
110 159
110 200
110 201
110 180
110 114
110 302
111 167
111 160
111 286
111 140
111 367
111 329
111 210
111 134
111 283
111 280
111 144
111 176
111 379
111 325
111 281
111 347
111 293
111 129
111 212
111 159
111 188
111 396
111 346
111 171
111 184
111 399
111 133
111 348
111 354
111 395
111 323
112 202
112 339
112 378
112 179
112 156
112 151
112 374
112 218
112 206
112 236
112 204
112 223
112 138
112 207
112 357
112 316
112 400
112 301
112 364
112 198
112 132
112 246
112 261
112 175
112 355
112 330
113 305
113 153
113 186
113 284
113 343
113 359
113 230
113 234
113 170
113 137
113 124
113 340
113 232
113 242
113 249
113 270
113 155
113 358
113 349
113 307
113 386
113 166
114 174
114 144
114 333
114 379
114 121
114 222
114 350
114 325
114 281
114 211
114 388
114 278
114 149
114 332
114 293
114 129
114 212
114 159
114 200
114 346
114 201
114 180
114 294
114 274
114 302
114 185
114 354
114 323
114 202
114 339
114 378
114 179
114 156
114 151
114 374
114 218
114 206
114 236
114 204
114 207
114 316
114 400
114 364
115 227
115 393
115 205
115 219
115 369
115 214
115 208
115 385
115 255
115 303
115 150
115 258
115 220
115 209
115 288
115 167
115 295
115 342
115 160
115 286
115 140
115 194
115 367
115 309
115 120
115 210
115 298
115 237
115 283
115 280
115 174
115 144
115 333
115 176
115 379
115 121
115 222
115 325
115 281
115 211
115 388
115 278
115 149
115 332
115 293
115 129
115 212
115 159
115 200
116 123
116 368
116 163
116 145
116 319
116 130
116 217
116 201
116 276
116 229
116 180
116 361
116 294
116 274
116 125
116 185
116 161
116 231
116 136
116 239
116 339
116 327
116 179
116 380
116 248
116 147
116 382
116 206
116 375
116 154
116 236
116 189
116 351
116 122
116 326
116 126
116 181
117 168
117 373
117 162
117 363
117 341
117 169
117 383
117 376
117 318
117 252
117 216
117 269
117 311
117 372
117 227
117 393
117 205
117 219
117 369
117 208
117 187
117 303
117 150
117 258
118 240
118 183
118 225
118 221
118 178
118 300
118 314
118 371
118 190
118 381
118 312
118 287
118 193
118 384
118 391
118 135
118 191
118 397
118 356
118 267
118 362
118 196
118 306
118 199
118 279
118 213
118 266
118 233
118 296
119 334
119 359
119 170
119 282
119 238
119 340
119 235
119 273
119 232
119 249
119 270
119 155
119 310
119 358
119 254
119 344
119 338
119 277
119 263
119 386
119 243
119 228
119 304
119 313
119 331
119 398
119 366
119 257
119 172
119 272
119 141
119 152
119 265
119 244
119 387
119 289
120 214
120 208
120 385
120 255
120 303
120 150
120 258
120 209
120 288
120 295
120 342
120 286
120 140
120 194
120 309
120 210
120 298
120 237
120 283
120 280
120 174
120 144
120 333
120 176
120 379
120 121
120 222
120 350
120 142
120 325
120 281
120 211
120 388
120 278
120 149
120 332
120 293
120 129
120 212
120 159
120 200
120 201
120 180
121 255
121 288
121 295
121 342
121 257
121 172
121 194
121 309
121 298
121 237
121 280
121 174
121 144
121 333
121 379
121 222
121 350
121 142
121 211
121 123
121 388
121 278
121 149
121 332
121 129
121 212
121 159
121 200
121 145
121 201
121 180
121 294
121 274
121 302
121 185
122 125
122 231
122 136
122 239
122 327
122 179
122 380
122 248
122 147
122 382
122 206
122 375
122 154
122 236
122 189
122 207
122 351
122 326
122 126
122 246
122 181
122 175
122 128
122 355
122 177
122 317
123 228
123 304
123 313
123 331
123 398
123 342
123 257
123 172
123 272
123 141
123 194
123 244
123 237
123 387
123 289
123 350
123 142
123 368
123 163
123 145
123 319
123 130
123 217
123 201
123 276
123 229
123 361
123 294
123 274
123 125
123 231
123 136
124 305
124 153
124 186
124 343
124 359
124 230
124 234
124 170
124 137
124 340
124 232
124 242
124 270
124 155
124 358
124 349
124 307
124 386
124 166
125 387
125 289
125 142
125 368
125 163
125 145
125 319
125 130
125 217
125 201
125 276
125 229
125 180
125 361
125 294
125 274
125 185
125 161
125 231
125 136
125 239
125 339
125 327
125 179
125 380
125 248
125 147
125 375
125 154
125 236
125 189
125 351
126 161
126 231
126 136
126 239
126 327
126 380
126 248
126 147
126 382
126 199
126 375
126 154
126 279
126 213
126 189
126 197
126 351
126 326
126 181
126 394
126 253
126 173
126 128
126 355
126 177
126 317
126 256
127 299
127 139
127 260
127 320
127 324
127 389
127 292
127 143
127 337
127 158
127 226
127 275
127 165
127 377
127 352
127 251
127 247
127 311
127 370
127 336
127 259
127 308
127 297
127 271
127 282
127 182
127 235
127 273
127 291
128 239
128 327
128 248
128 306
128 147
128 382
128 199
128 375
128 154
128 279
128 213
128 189
128 197
128 266
128 233
128 351
128 326
128 245
128 181
128 394
128 253
128 173
128 146
128 177
128 317
128 256
129 209
129 288
129 167
129 295
129 160
129 286
129 140
129 367
129 309
129 329
129 210
129 298
129 237
129 134
129 283
129 280
129 174
129 144
129 333
129 176
129 379
129 222
129 325
129 281
129 211
129 347
129 388
129 278
129 149
129 332
129 293
129 212
129 159
129 200
129 188
129 396
129 346
129 184
129 180
129 399
129 133
129 302
129 354
129 395
129 323
129 202
130 331
130 272
130 141
130 152
130 265
130 244
130 387
130 289
130 142
130 225
130 368
130 221
130 163
130 371
130 190
130 381
130 312
130 145
130 287
130 319
130 217
130 391
130 276
130 135
130 191
130 397
130 229
130 356
130 361
130 267
130 362
130 161
130 231
130 239
131 187
131 328
131 258
131 220
131 353
131 209
131 167
131 160
131 286
131 140
131 367
131 329
131 210
131 134
131 283
132 354
132 395
132 323
132 378
132 156
132 151
132 374
132 218
132 204
132 223
132 138
132 207
132 357
132 316
132 400
132 301
132 364
132 198
132 195
132 261
132 330
133 134
133 283
133 176
133 379
133 325
133 281
133 347
133 293
133 212
133 159
133 188
133 396
133 346
133 171
133 184
133 399
133 348
133 354
133 395
133 323
133 156
133 374
133 223
133 138
133 357
133 301
134 187
134 328
134 258
134 220
134 353
134 209
134 167
134 295
134 160
134 286
134 140
134 367
134 329
134 210
134 298
134 283
134 280
134 174
134 144
134 333
134 176
134 379
134 325
134 281
134 347
134 293
134 212
134 188
134 396
134 346
134 171
134 184
134 399
135 152
135 265
135 183
135 289
135 225
135 221
135 178
135 300
135 163
135 314
135 371
135 190
135 381
135 312
135 287
135 193
135 384
135 391
135 276
135 191
135 397
135 229
135 356
135 361
135 267
135 362
135 161
135 231
135 239
135 196
135 306
135 382
135 199
136 145
136 319
136 217
136 201
136 276
136 229
136 180
136 361
136 294
136 274
136 185
136 161
136 231
136 239
136 339
136 327
136 179
136 380
136 248
136 147
136 206
136 375
136 154
136 236
136 189
136 351
136 246
136 181
137 264
137 305
137 153
137 186
137 284
137 343
137 334
137 359
137 230
137 234
137 170
137 340
137 232
137 242
137 249
137 270
137 155
137 358
137 349
137 307
137 386
137 166
138 399
138 348
138 354
138 395
138 323
138 156
138 374
138 218
138 204
138 223
138 357
138 316
138 400
138 301
138 364
138 198
138 195
138 261
138 330
139 360
139 299
139 148
139 224
139 320
139 392
139 389
139 143
139 168
139 337
139 158
139 363
139 251
140 208
140 187
140 303
140 150
140 258
140 220
140 353
140 209
140 288
140 167
140 295
140 160
140 286
140 367
140 309
140 329
140 210
140 298
140 283
140 280
140 174
140 144
140 333
140 176
140 379
140 222
140 325
140 281
140 211
140 347
140 388
140 278
140 149
140 293
140 212
140 159
140 200
140 396
140 346
141 249
141 358
141 254
141 344
141 338
141 263
141 386
141 243
141 228
141 304
141 313
141 331
141 398
141 366
141 257
141 172
141 272
141 152
141 265
141 244
141 387
141 289
141 225
141 368
141 221
141 163
141 371
141 190
141 312
141 287
141 319
141 217
141 391
141 276
142 277
142 263
142 228
142 304
142 313
142 398
142 342
142 257
142 172
142 272
142 194
142 244
142 237
142 387
142 289
142 222
142 350
142 211
142 368
142 163
142 332
142 145
142 319
142 217
142 201
142 276
142 229
142 180
142 294
142 274
142 185
143 360
143 345
143 148
143 224
143 320
143 392
143 389
143 168
143 373
143 337
143 158
143 363
143 383
143 318
143 252
143 251
143 216
143 311
143 370
144 303
144 150
144 258
144 220
144 209
144 288
144 167
144 295
144 160
144 286
144 367
144 309
144 329
144 210
144 298
144 237
144 283
144 280
144 174
144 333
144 176
144 379
144 222
144 325
144 281
144 211
144 347
144 388
144 278
144 149
144 332
144 293
144 212
144 159
144 200
144 396
144 346
145 228
145 313
145 398
145 342
145 257
145 172
145 272
145 194
145 244
145 237
145 387
145 289
145 222
145 350
145 211
145 368
145 163
145 332
145 319
145 217
145 201
145 276
145 229
145 180
145 361
145 294
145 274
145 185
145 231
145 327
146 196
146 306
146 382
146 199
146 279
146 213
146 197
146 266
146 233
146 296
146 326
146 390
146 245
146 203
146 335
146 394
146 253
146 173
146 321
146 322
146 317
146 256
147 276
147 229
147 361
147 267
147 161
147 231
147 239
147 327
147 380
147 248
147 306
147 382
147 199
147 375
147 154
147 279
147 213
147 189
147 197
147 351
147 326
147 181
147 394
147 253
147 173
147 177
147 317
147 256
148 360
148 345
148 365
148 224
148 320
148 392
148 168
148 373
148 363
148 341
148 169
148 383
148 318
148 252
148 216
149 209
149 288
149 295
149 286
149 194
149 309
149 210
149 298
149 237
149 283
149 280
149 174
149 333
149 176
149 379
149 222
149 350
149 325
149 281
149 211
149 388
149 278
149 332
149 293
149 212
149 159
149 200
149 396
149 346
149 201
149 180
149 302
149 185
149 354
149 202
150 372
150 227
150 393
150 271
150 205
150 219
150 369
150 214
150 208
150 385
150 255
150 303
150 258
150 220
150 209
150 288
150 167
150 295
150 160
150 286
150 367
150 309
150 210
150 298
150 237
150 283
150 280
150 174
150 333
150 176
150 379
150 222
151 201
151 180
151 294
151 274
151 302
151 185
151 354
151 323
151 202
151 339
151 378
151 179
151 380
151 156
151 374
151 218
151 206
151 236
151 204
151 207
151 357
151 316
151 400
151 364
151 198
151 246
151 175
151 355
152 249
152 270
152 155
152 358
152 349
152 338
152 307
152 386
152 243
152 331
152 166
152 366
152 272
152 265
152 315
152 240
152 183
152 289
152 225
152 221
152 178
152 300
152 163
152 314
152 371
152 190
152 381
152 312
152 287
152 391
152 191
152 397
153 250
153 215
153 164
153 285
153 192
153 157
153 262
153 264
153 305
153 186
153 284
153 343
153 359
153 230
153 234
153 170
153 242
154 276
154 229
154 361
154 161
154 231
154 239
154 327
154 179
154 380
154 248
154 382
154 199
154 375
154 279
154 189
154 197
154 351
154 326
154 246
154 181
154 394
154 173
154 177
154 317
154 256
155 186
155 284
155 268
155 343
155 334
155 359
155 230
155 234
155 170
155 238
155 340
155 232
155 242
155 249
155 270
155 358
155 349
155 338
155 307
155 386
155 243
155 166
155 366
156 346
156 302
156 354
156 395
156 323
156 202
156 339
156 378
156 374
156 218
156 206
156 204
156 223
156 207
156 357
156 316
156 400
156 301
156 364
156 198
156 195
156 261
156 330
157 250
157 260
157 241
157 215
157 324
157 164
157 292
157 290
157 285
157 192
157 262
157 264
157 305
157 186
157 377
157 284
157 268
157 343
157 334
157 359
157 230
157 170
158 299
158 260
158 320
158 241
158 324
158 389
158 292
158 290
158 337
158 226
158 275
158 165
158 377
158 352
158 251
158 247
158 370
158 336
158 259
158 308
158 297
158 282
158 182
159 288
159 295
159 286
159 367
159 309
159 210
159 298
159 237
159 283
159 280
159 174
159 333
159 176
159 379
159 222
159 350
159 325
159 281
159 211
159 388
159 278
159 332
159 293
159 212
159 200
159 396
159 346
159 201
159 180
159 302
159 185
159 354
159 323
159 202
160 187
160 328
160 303
160 258
160 220
160 353
160 209
160 288
160 167
160 295
160 286
160 367
160 329
160 210
160 298
160 283
160 280
160 174
160 333
160 176
160 379
160 325
160 281
160 347
160 293
160 188
160 396
160 346
161 387
161 289
161 368
161 163
161 371
161 190
161 312
161 287
161 319
161 217
161 391
161 276
161 397
161 229
161 356
161 361
161 267
161 362
161 231
161 239
161 327
161 380
161 248
161 306
161 382
161 199
161 375
161 279
161 189
161 197
161 351
161 326
161 181
162 345
162 365
162 168
162 373
162 341
162 169
162 376
162 318
162 269
162 372
163 228
163 304
163 313
163 331
163 398
163 257
163 172
163 272
163 265
163 244
163 387
163 289
163 368
163 371
163 190
163 312
163 287
163 319
163 217
163 391
163 276
163 229
163 361
163 267
163 231
163 239
164 250
164 260
164 241
164 215
164 324
164 292
164 290
164 285
164 192
164 262
164 264
164 305
164 186
164 377
164 284
164 268
164 343
165 299
165 260
165 241
165 324
165 389
165 292
165 290
165 337
165 226
165 275
165 377
165 268
165 352
165 251
165 247
165 370
165 336
165 334
165 259
165 308
165 297
165 282
165 238
165 182
165 235
165 273
165 291
165 310
166 232
166 242
166 270
166 349
166 307
166 386
166 243
166 366
166 265
166 315
166 240
166 183
166 225
166 221
166 178
166 300
166 314
166 381
166 193
167 219
167 187
167 328
167 303
167 258
167 220
167 353
167 209
167 288
167 295
167 286
167 367
167 309
167 329
167 210
167 298
167 283
167 280
167 174
167 333
167 176
167 379
167 325
167 281
167 347
167 293
168 360
168 345
168 365
168 224
168 320
168 392
168 389
168 373
168 337
168 363
168 341
168 169
168 383
168 318
168 252
168 251
168 216
168 269
168 311
168 372
168 227
169 360
169 345
169 365
169 224
169 392
169 373
169 363
169 341
169 383
169 376
169 318
169 252
169 216
169 269
169 372
169 227
169 393
169 219
170 262
170 264
170 305
170 186
170 377
170 284
170 268
170 343
170 334
170 359
170 230
170 234
170 238
170 340
170 232
170 242
170 249
170 270
170 358
170 349
170 344
170 338
170 307
170 386
170 243
171 329
171 283
171 325
171 347
171 293
171 188
171 396
171 346
171 184
171 399
171 348
171 395
171 323
172 235
172 273
172 310
172 385
172 254
172 344
172 338
172 277
172 263
172 228
172 304
172 313
172 331
172 398
172 342
172 257
172 272
172 194
172 244
172 237
172 387
172 289
172 350
172 368
172 319
172 217
172 276
173 306
173 382
173 199
173 279
173 213
173 197
173 266
173 233
173 296
173 326
173 390
173 245
173 203
173 181
173 335
173 394
173 253
173 321
173 177
173 317
173 256
174 303
174 258
174 220
174 209
174 288
174 295
174 342
174 286
174 194
174 367
174 309
174 210
174 298
174 237
174 283
174 280
174 333
174 176
174 379
174 222
174 350
174 325
174 281
174 211
174 388
174 278
174 332
174 293
174 212
174 200
174 346
174 201
175 202
175 339
175 378
175 179
175 380
175 218
175 206
175 375
175 236
175 204
175 189
175 207
175 351
175 316
175 400
175 364
175 246
175 355
176 303
176 258
176 220
176 353
176 209
176 288
176 295
176 286
176 367
176 309
176 329
176 210
176 298
176 283
176 280
176 333
176 379
176 222
176 325
176 281
176 211
176 347
176 388
176 278
176 332
176 293
176 212
176 200
176 188
176 396
176 346
176 184
177 248
177 382
177 199
177 375
177 279
177 189
177 197
177 266
177 351
177 326
177 245
177 181
177 394
177 253
177 317
177 256
178 386
178 366
178 315
178 240
178 183
178 225
178 221
178 300
178 314
178 371
178 190
178 381
178 312
178 287
178 193
178 384
178 391
178 191
178 397
178 356
178 362
179 201
179 180
179 294
179 274
179 302
179 185
179 202
179 339
179 327
179 378
179 380
179 248
179 218
179 206
179 375
179 236
179 204
179 189
179 207
179 351
179 316
179 400
179 364
179 246
179 355
180 237
180 333
180 222
180 350
180 211
180 388
180 278
180 332
180 212
180 200
180 201
180 294
180 274
180 302
180 185
180 354
180 202
180 339
180 378
180 380
180 218
180 206
180 236
180 207
181 231
181 239
181 327
181 380
181 248
181 382
181 199
181 375
181 279
181 189
181 197
181 351
181 326
181 394
181 253
181 355
181 317
181 256
182 226
182 275
182 352
182 251
182 247
182 311
182 370
182 336
182 259
182 308
182 297
182 393
182 271
182 282
182 205
182 235
182 273
182 369
182 291
182 310
182 214
182 208
182 385
182 254
182 255
182 277
182 263
182 228
182 342
183 307
183 386
183 366
183 315
183 240
183 225
183 221
183 300
183 314
183 190
183 381
183 312
183 287
183 193
183 384
183 191
183 397
183 356
183 362
184 367
184 329
184 283
184 325
184 281
184 347
184 293
184 188
184 396
184 346
184 399
184 348
184 354
184 395
184 323
184 374
185 222
185 350
185 211
185 388
185 278
185 332
185 200
185 201
185 294
185 274
185 302
185 202
185 339
185 327
185 378
185 380
185 248
185 218
185 206
185 375
185 236
185 189
185 207
185 400
186 250
186 215
186 290
186 285
186 192
186 262
186 264
186 305
186 284
186 268
186 343
186 334
186 359
186 230
186 234
186 340
186 232
186 242
186 270
187 376
187 269
187 372
187 227
187 219
187 328
187 258
187 220
187 353
187 209
187 286
187 367
187 329
188 286
188 367
188 329
188 210
188 283
188 379
188 325
188 281
188 347
188 293
188 212
188 396
188 346
188 399
188 348
188 395
188 323
189 294
189 274
189 231
189 239
189 339
189 327
189 380
189 248
189 206
189 375
189 236
189 207
189 351
189 326
189 246
189 355
189 317
190 243
190 331
190 366
190 265
190 315
190 240
190 387
190 289
190 225
190 368
190 221
190 300
190 314
190 371
190 381
190 312
190 287
190 193
190 217
190 384
190 391
190 276
190 191
190 397
190 229
190 356
190 361
190 267
190 362
191 265
191 315
191 240
191 225
191 221
191 300
191 314
191 371
191 381
191 312
191 287
191 193
191 384
191 391
191 397
191 356
191 267
191 362
191 196
191 306
191 199
192 250
192 241
192 215
192 290
192 285
192 262
192 264
192 305
192 284
192 268
192 343
192 230
193 315
193 240
193 225
193 221
193 300
193 314
193 381
193 312
193 287
193 384
193 391
193 397
193 356
193 362
193 196
194 291
194 214
194 385
194 254
194 255
194 277
194 263
194 228
194 304
194 288
194 313
194 398
194 295
194 342
194 257
194 272
194 309
194 244
194 298
194 237
194 333
194 387
194 222
194 350
194 211
194 368
194 388
194 332
194 201
195 395
195 323
195 374
195 204
195 223
195 357
195 316
195 301
195 364
195 198
195 261
195 330
196 381
196 384
196 391
196 397
196 356
196 267
196 362
196 306
196 382
196 199
196 279
196 213
196 266
196 233
196 296
196 390
196 245
196 203
196 335
196 253
196 321
196 322
197 361
197 267
197 231
197 239
197 327
197 248
197 306
197 382
197 199
197 279
197 213
197 266
197 233
197 296
197 351
197 326
197 390
197 245
197 203
197 394
197 253
197 321
197 317
197 256
198 354
198 395
198 323
198 378
198 374
198 218
198 204
198 223
198 357
198 316
198 400
198 301
198 364
198 261
198 330
199 391
199 397
199 356
199 361
199 267
199 362
199 231
199 239
199 306
199 382
199 279
199 213
199 266
199 233
199 296
199 326
199 390
199 245
199 203
199 335
199 394
199 253
199 321
199 317
199 256
200 288
200 295
200 286
200 309
200 210
200 298
200 237
200 283
200 280
200 333
200 379
200 222
200 350
200 325
200 281
200 211
200 388
200 278
200 332
200 293
200 212
200 396
200 346
200 201
200 302
200 354
200 323
200 202
200 339
201 309
201 237
201 333
201 222
201 350
201 211
201 388
201 278
201 332
201 212
201 319
201 294
201 274
201 302
201 202
201 339
201 378
201 380
201 206
202 211
202 388
202 278
202 332
202 212
202 294
202 274
202 302
202 354
202 323
202 339
202 378
202 380
202 374
202 218
202 206
202 236
202 204
202 207
202 316
202 400
202 364
202 246
203 306
203 382
203 279
203 213
203 266
203 233
203 296
203 390
203 245
203 335
203 394
203 253
203 321
203 322
203 256
204 302
204 354
204 395
204 323
204 339
204 378
204 374
204 218
204 206
204 236
204 223
204 207
204 357
204 316
204 400
204 301
204 364
204 246
204 261
204 330
205 337
205 363
205 383
205 318
205 252
205 251
205 216
205 311
205 370
205 372
205 308
205 297
205 227
205 393
205 271
205 219
205 369
205 291
205 214
205 208
205 385
205 255
205 303
205 258
205 288
205 295
206 294
206 274
206 302
206 339
206 378
206 380
206 248
206 218
206 375
206 236
206 207
206 351
206 316
206 400
206 364
206 246
206 355
207 294
207 302
207 339
207 378
207 380
207 218
207 375
207 236
207 316
207 400
207 364
207 246
207 355
208 383
208 252
208 251
208 216
208 311
208 372
208 227
208 393
208 271
208 219
208 369
208 291
208 214
208 385
208 255
208 303
208 258
208 220
208 209
208 288
208 295
208 342
208 309
208 298
209 227
209 219
209 369
209 328
209 303
209 258
209 220
209 353
209 288
209 295
209 286
209 367
209 309
209 329
209 210
209 298
209 283
209 280
209 333
209 379
209 222
209 325
209 281
209 347
209 388
209 278
209 293
209 212
210 303
210 258
210 220
210 353
210 288
210 295
210 286
210 367
210 309
210 329
210 298
210 283
210 280
210 333
210 379
210 222
210 325
210 281
210 211
210 347
210 388
210 278
210 293
210 212
210 396
210 346
211 288
211 295
211 342
211 309
211 298
211 237
211 280
211 333
211 379
211 222
211 350
211 325
211 281
211 388
211 278
211 332
211 293
211 212
211 294
211 274
211 302
212 288
212 295
212 286
212 367
212 309
212 329
212 298
212 237
212 283
212 280
212 333
212 379
212 222
212 325
212 281
212 347
212 388
212 278
212 332
212 293
212 396
212 346
212 302
212 354
212 395
212 323
213 397
213 356
213 267
213 362
213 239
213 306
213 382
213 279
213 266
213 233
213 296
213 326
213 390
213 245
213 335
213 394
213 253
213 321
213 322
213 317
213 256
214 252
214 251
214 216
214 311
214 370
214 372
214 308
214 297
214 227
214 393
214 271
214 219
214 369
214 291
214 385
214 255
214 303
214 277
214 258
214 288
214 295
214 342
214 309
214 237
215 250
215 290
215 285
215 262
215 264
215 305
215 284
215 343
216 224
216 392
216 373
216 337
216 363
216 341
216 383
216 318
216 252
216 251
216 269
216 311
216 372
216 227
216 393
216 271
216 219
216 369
216 303
217 398
217 257
217 272
217 244
217 387
217 289
217 368
217 371
217 312
217 287
217 319
217 391
217 276
217 229
217 361
217 267
217 294
217 274
217 231
217 239
217 327
217 248
218 302
218 354
218 323
218 339
218 378
218 374
218 236
218 223
218 357
218 316
218 400
218 301
218 364
218 246
218 261
219 373
219 363
219 341
219 383
219 318
219 252
219 251
219 269
219 311
219 372
219 227
219 393
219 271
219 369
219 255
219 303
219 258
219 220
219 288
219 295
220 372
220 227
220 328
220 303
220 258
220 353
220 288
220 295
220 286
220 367
220 309
220 329
220 298
220 283
220 280
220 333
220 379
220 325
220 281
220 347
220 293
221 386
221 243
221 366
221 265
221 315
221 240
221 225
221 300
221 314
221 371
221 381
221 312
221 287
221 384
221 391
221 397
221 356
221 267
221 362
222 288
222 295
222 342
222 309
222 298
222 237
222 283
222 280
222 333
222 379
222 350
222 325
222 281
222 388
222 278
222 332
222 293
222 294
222 274
222 302
223 399
223 348
223 354
223 395
223 323
223 374
223 357
223 316
223 301
223 364
223 261
223 330
224 360
224 345
224 365
224 320
224 392
224 373
224 363
224 341
224 383
224 318
224 252
225 307
225 386
225 243
225 366
225 265
225 315
225 240
225 300
225 314
225 371
225 381
225 312
225 287
225 384
225 391
225 397
225 356
225 267
225 362
226 299
226 260
226 320
226 241
226 324
226 389
226 292
226 290
226 337
226 275
226 377
226 268
226 352
226 251
226 247
226 370
226 336
226 259
226 308
226 297
226 282
226 238
226 235
226 273
227 373
227 363
227 341
227 383
227 376
227 318
227 252
227 269
227 311
227 372
227 393
227 369
227 303
227 258
227 288
228 297
228 282
228 235
228 273
228 291
228 310
228 385
228 254
228 255
228 344
228 338
228 277
228 263
228 304
228 313
228 331
228 398
228 342
228 257
228 272
228 244
228 387
228 289
228 350
228 368
229 244
229 387
229 289
229 368
229 371
229 312
229 287
229 319
229 391
229 276
229 397
229 356
229 361
229 267
229 274
229 231
229 239
229 327
229 380
229 248
229 382
229 375
230 285
230 262
230 264
230 305
230 284
230 268
230 343
230 334
230 359
230 234
230 238
230 340
230 232
230 242
230 249
230 270
230 358
230 349
230 307
230 386
230 243
231 387
231 289
231 368
231 371
231 312
231 287
231 319
231 391
231 276
231 356
231 361
231 267
231 274
231 239
231 327
231 380
231 248
231 306
231 382
231 375
231 279
231 351
231 326
232 264
232 305
232 284
232 268
232 343
232 334
232 359
232 234
232 238
232 340
232 242
232 249
232 270
232 358
232 349
232 344
232 338
232 307
232 386
232 243
232 366
233 356
233 362
233 306
233 382
233 279
233 266
233 296
233 326
233 390
233 245
233 335
233 394
233 253
233 321
233 322
233 317
233 256
234 305
234 284
234 343
234 334
234 359
234 340
234 242
234 249
234 270
234 358
234 349
234 307
234 386
235 275
235 377
235 268
235 352
235 247
235 370
235 336
235 334
235 259
235 308
235 297
235 271
235 282
235 238
235 273
235 291
235 249
235 310
235 385
235 254
235 344
235 338
235 277
235 263
235 304
235 313
235 331
235 398
235 257
235 272
236 294
236 274
236 302
236 339
236 327
236 378
236 380
236 248
236 375
236 351
236 316
236 400
236 364
236 246
236 355
237 385
237 255
237 303
237 277
237 288
237 295
237 342
237 257
237 309
237 298
237 280
237 333
237 379
237 350
237 388
237 278
237 332
238 262
238 264
238 275
238 377
238 284
238 268
238 352
238 247
238 343
238 336
238 334
238 259
238 359
238 297
238 282
238 340
238 273
238 249
238 270
238 310
238 358
238 254
238 344
238 338
238 263
238 243
238 304
238 313
238 331
239 371
239 312
239 287
239 319
239 391
239 276
239 397
239 356
239 361
239 267
239 362
239 327
239 380
239 248
239 306
239 382
239 375
239 279
239 351
239 326
239 394
240 349
240 307
240 386
240 366
240 265
240 315
240 300
240 314
240 381
240 287
240 384
240 397
241 299
241 260
241 324
241 292
241 290
241 285
241 262
241 264
241 305
241 275
241 377
241 284
241 268
242 343
242 359
242 340
242 270
242 358
242 349
242 307
242 386
242 366
243 359
243 340
243 249
243 270
243 358
243 349
243 344
243 338
243 307
243 386
243 304
243 313
243 331
243 398
243 366
243 272
243 265
243 289
243 371
243 312
244 310
244 254
244 344
244 338
244 277
244 263
244 304
244 313
244 331
244 398
244 342
244 257
244 272
244 265
244 387
244 289
244 350
244 368
244 319
244 276
245 306
245 382
245 279
245 266
245 296
245 326
245 390
245 335
245 394
245 253
245 321
245 322
245 317
245 256
246 339
246 327
246 378
246 380
246 248
246 375
246 351
246 316
246 400
246 364
246 355
247 324
247 292
247 275
247 377
247 268
247 352
247 251
247 370
247 336
247 334
247 259
247 308
247 297
247 271
247 282
247 273
247 291
247 310
247 254
248 319
248 276
248 361
248 294
248 274
248 339
248 327
248 380
248 382
248 375
248 351
248 326
248 355
249 377
249 284
249 268
249 343
249 334
249 359
249 282
249 340
249 273
249 270
249 310
249 358
249 349
249 254
249 344
249 338
249 307
249 386
249 304
249 331
249 366
250 285
250 305
251 320
251 392
251 389
251 337
251 363
251 275
251 383
251 352
251 252
251 311
251 370
251 336
251 259
251 308
251 297
251 393
251 271
251 369
251 291
251 385
251 255
252 392
252 389
252 373
252 337
252 363
252 341
252 383
252 318
252 269
252 311
252 372
252 393
252 271
252 369
253 306
253 382
253 279
253 266
253 296
253 326
253 390
253 335
253 394
253 321
253 322
253 317
253 256
254 352
254 370
254 336
254 259
254 308
254 297
254 282
254 273
254 291
254 310
254 385
254 344
254 338
254 277
254 263
254 304
254 313
254 331
254 398
254 342
254 257
254 272
255 311
255 370
255 308
255 297
255 393
255 271
255 369
255 291
255 310
255 385
255 303
255 277
255 263
255 288
255 295
255 342
255 309
255 298
256 306
256 382
256 279
256 266
256 296
256 326
256 390
256 335
256 394
256 321
256 317
257 273
257 310
257 385
257 344
257 338
257 277
257 263
257 304
257 313
257 331
257 398
257 342
257 272
257 387
257 289
257 350
257 368
257 319
258 372
258 393
258 369
258 328
258 303
258 353
258 288
258 295
258 286
258 367
258 309
258 329
258 298
258 283
258 280
258 333
258 379
258 325
258 281
259 275
259 377
259 352
259 311
259 370
259 336
259 308
259 297
259 271
259 282
259 273
259 291
259 310
259 385
259 344
259 277
259 263
260 299
260 324
260 292
260 290
260 285
260 262
260 264
260 275
260 377
260 284
260 268
261 354
261 395
261 323
261 374
261 357
261 316
261 400
261 301
261 364
261 330
262 324
262 292
262 290
262 285
262 264
262 305
262 377
262 284
262 268
262 343
262 334
262 359
262 340
263 370
263 336
263 308
263 297
263 282
263 273
263 291
263 310
263 385
263 344
263 338
263 277
263 304
263 313
263 331
263 398
263 342
263 272
263 387
264 324
264 292
264 290
264 285
264 305
264 377
264 284
264 268
264 343
264 334
264 359
264 340
265 358
265 344
265 338
265 307
265 386
265 304
265 313
265 331
265 398
265 366
265 272
265 387
265 289
265 368
265 371
265 381
265 312
265 287
265 391
265 397
266 356
266 267
266 362
266 306
266 382
266 279
266 296
266 326
266 390
266 335
266 394
266 321
266 322
266 317
267 289
267 371
267 381
267 312
267 287
267 319
267 391
267 276
267 397
267 356
267 361
267 362
267 306
267 382
267 279
268 324
268 292
268 290
268 285
268 305
268 275
268 377
268 284
268 352
268 343
268 336
268 334
268 359
268 282
268 340
268 273
268 270
268 358
269 365
269 373
269 363
269 341
269 383
269 376
269 318
269 372
269 328
270 284
270 343
270 334
270 359
270 340
270 358
270 349
270 338
270 307
270 386
270 366
271 337
271 383
271 352
271 311
271 370
271 336
271 308
271 297
271 393
271 369
271 291
271 310
271 385
271 303
271 277
272 273
272 310
272 344
272 338
272 277
272 304
272 313
272 331
272 398
272 387
272 289
272 368
272 371
272 312
272 319
272 276
273 275
273 377
273 352
273 370
273 336
273 334
273 359
273 308
273 297
273 282
273 291
273 310
273 358
273 385
273 344
273 338
273 277
273 304
273 313
273 331
273 398
274 350
274 368
274 332
274 319
274 276
274 294
274 302
274 339
274 327
274 378
274 380
274 375
275 299
275 324
275 389
275 292
275 290
275 337
275 377
275 352
275 370
275 336
275 308
275 297
275 282
276 387
276 289
276 368
276 371
276 312
276 287
276 319
276 391
276 361
276 294
276 327
277 370
277 336
277 308
277 297
277 282
277 291
277 310
277 385
277 344
277 338
277 304
277 313
277 331
277 398
277 342
278 288
278 295
278 286
278 367
278 309
278 298
278 283
278 280
278 333
278 379
278 350
278 325
278 281
278 388
278 332
278 293
278 396
278 346
278 302
278 354
278 323
279 397
279 356
279 362
279 306
279 382
279 296
279 326
279 390
279 335
279 394
279 321
279 317
280 303
280 288
280 295
280 286
280 367
280 309
280 329
280 298
280 283
280 333
280 379
280 325
280 281
280 347
280 388
280 332
280 293
280 396
280 346
281 288
281 295
281 286
281 367
281 309
281 329
281 298
281 283
281 333
281 379
281 325
281 347
281 388
281 332
281 293
281 396
281 346
281 399
281 354
281 323
282 377
282 352
282 370
282 336
282 334
282 359
282 308
282 297
282 291
282 310
282 358
282 385
282 344
282 338
282 304
282 313
282 398
283 353
283 288
283 295
283 286
283 367
283 309
283 329
283 298
283 333
283 379
283 325
283 347
283 388
283 293
283 396
283 346
284 324
284 292
284 290
284 285
284 305
284 377
284 343
284 334
284 359
284 340
284 358
285 324
285 292
285 290
285 305
285 377
285 343
286 328
286 303
286 353
286 288
286 295
286 367
286 309
286 329
286 298
286 333
286 379
286 325
286 347
286 388
286 293
286 396
286 346
287 366
287 387
287 289
287 368
287 300
287 314
287 371
287 381
287 312
287 384
287 391
287 397
287 356
287 361
287 362
288 393
288 369
288 385
288 303
288 295
288 342
288 367
288 309
288 298
288 333
288 379
288 325
288 388
288 332
288 293
289 344
289 338
289 304
289 313
289 331
289 398
289 387
289 368
289 371
289 312
289 319
289 391
289 361
290 299
290 324
290 292
290 305
290 377
290 343
290 334
290 359
291 352
291 311
291 370
291 336
291 308
291 297
291 393
291 369
291 310
291 385
291 342
292 299
292 324
292 305
292 377
292 352
292 336
292 334
293 295
293 367
293 309
293 329
293 298
293 333
293 379
293 325
293 347
293 388
293 396
293 346
293 399
293 348
293 354
293 395
293 323
294 350
294 332
294 319
294 302
294 339
294 327
294 378
294 380
294 375
295 369
295 303
295 342
295 367
295 309
295 329
295 298
295 333
295 379
295 325
295 388
295 332
296 362
296 306
296 382
296 390
296 335
296 394
296 321
296 322
297 352
297 311
297 370
297 336
297 308
297 369
297 310
297 385
298 303
298 342
298 367
298 309
298 333
298 379
298 350
298 325
298 388
298 332
298 346
299 320
299 324
299 389
299 352
300 386
300 366
300 315
300 314
300 381
300 312
300 384
300 391
300 397
300 356
300 362
301 354
301 395
301 323
301 374
301 357
301 316
301 400
301 364
301 330
302 350
302 388
302 332
302 354
302 323
302 339
302 378
302 380
302 316
302 400
302 364
303 372
303 393
303 369
303 385
303 342
303 367
303 309
303 333
303 379
304 310
304 385
304 344
304 338
304 313
304 331
304 398
304 342
304 387
304 368
305 377
305 343
305 334
305 359
305 340
306 391
306 397
306 356
306 362
306 382
306 326
306 390
306 335
306 394
306 321
306 317
307 359
307 340
307 358
307 349
307 386
307 366
307 315
308 337
308 352
308 311
308 370
308 336
308 393
308 369
308 310
308 385
309 342
309 367
309 333
309 379
309 350
309 325
309 388
309 332
310 352
310 370
310 336
310 334
310 385
310 344
310 338
310 313
310 331
310 398
310 342
311 320
311 392
311 389
311 337
311 363
311 383
311 318
311 352
311 370
311 336
311 372
311 393
311 369
311 385
312 331
312 366
312 387
312 368
312 314
312 371
312 381
312 319
312 384
312 391
312 397
312 356
312 361
312 362
313 385
313 344
313 338
313 331
313 398
313 342
313 387
313 368
313 319
314 366
314 315
314 381
314 384
314 391
314 397
314 356
314 362
315 349
315 386
315 366
315 381
315 384
316 354
316 323
316 339
316 378
316 374
316 357
316 400
316 364
316 330
317 382
317 351
317 326
317 394
318 360
318 345
318 365
318 392
318 373
318 363
318 341
318 383
318 376
318 372
318 393
318 369
319 398
319 387
319 350
319 368
319 371
319 361
319 327
320 360
320 392
320 389
320 337
320 363
320 383
321 390
321 335
321 394
321 322
322 390
322 335
323 325
323 396
323 346
323 399
323 348
323 354
323 395
323 378
323 374
323 357
323 400
323 364
324 377
324 352
325 367
325 329
325 333
325 379
325 347
325 388
325 396
325 346
325 399
325 354
326 327
326 382
326 375
326 351
326 394
327 361
327 380
327 382
327 375
327 351
328 353
328 367
328 329
329 353
329 367
329 333
329 379
329 347
329 396
329 346
330 374
330 357
330 400
330 364
331 340
331 358
331 344
331 338
331 386
331 398
331 366
331 387
331 368
331 371
332 342
332 333
332 379
332 350
332 388
332 339
333 367
333 379
333 350
333 388
333 396
333 346
334 377
334 343
334 336
334 359
334 340
334 358
334 344
334 338
335 390
335 394
336 377
336 352
336 370
336 385
336 344
337 360
337 392
337 389
337 363
337 383
337 352
337 370
337 393
338 359
338 340
338 358
338 344
338 398
338 366
339 354
339 378
339 380
339 375
339 400
339 364
340 377
340 343
340 359
340 358
340 349
340 344
340 386
340 366
341 360
341 345
341 365
341 392
341 373
341 363
341 383
341 376
341 372
342 385
342 398
342 350
342 388
343 377
343 359
343 358
343 349
344 359
344 358
344 398
344 387
345 360
345 365
345 392
345 373
345 363
345 383
346 367
346 379
346 347
346 388
346 396
346 399
346 348
346 354
346 395
346 374
347 353
347 367
347 379
347 396
347 399
347 348
347 395
348 396
348 399
348 354
348 395
348 374
349 359
349 358
349 386
349 366
350 387
350 368
350 388
351 380
351 382
351 375
351 394
351 355
352 389
352 377
352 370
353 367
354 388
354 396
354 399
354 395
354 378
354 374
354 357
354 400
354 364
355 380
355 375
355 400
355 364
356 371
356 381
356 384
356 391
356 397
356 361
356 362
356 382
357 395
357 378
357 374
357 400
357 364
358 359
358 386
358 366
359 377
360 365
360 392
360 389
360 373
360 363
360 383
361 387
361 368
361 371
361 391
361 397
361 382
361 375
362 371
362 381
362 384
362 391
362 397
362 382
363 365
363 392
363 389
363 373
363 383
363 372
363 393
363 369
364 378
364 374
364 400
365 373
365 383
365 376
366 386
366 371
366 381
367 379
367 396
368 398
368 387
368 371
368 391
369 383
369 370
369 372
369 393
369 385
370 389
370 393
370 385
371 387
371 381
371 391
371 397
372 373
372 383
372 376
372 393
373 392
373 383
373 376
374 396
374 399
374 395
374 378
374 400
375 380
375 382
378 380
378 400
379 388
379 396
381 386
381 384
381 391
381 397
382 391
382 397
382 394
383 392
383 389
383 393
384 391
384 397
385 393
387 398
389 392
390 394
391 397
395 396
395 399
396 399
