500 6827
1 393
1 122
1 362
1 19
1 91
1 61
1 114
1 236
1 206
1 406
1 457
1 267
1 332
1 341
2 170
2 464
2 435
2 251
2 235
2 492
2 176
2 356
2 292
2 98
2 273
2 299
2 239
2 152
2 3
2 134
2 43
2 486
2 437
2 352
2 246
2 10
2 95
2 354
2 481
2 490
2 421
3 170
3 417
3 464
3 235
3 384
3 176
3 356
3 8
3 438
3 368
3 292
3 98
3 273
3 120
3 239
3 152
3 198
3 134
3 43
3 253
3 437
3 352
3 159
3 246
3 10
3 95
3 481
4 51
4 228
4 396
4 471
4 195
4 89
4 412
4 174
4 25
4 109
4 240
4 300
4 142
4 133
4 15
4 297
4 14
4 433
4 430
4 445
4 428
4 169
4 309
4 358
4 472
4 326
4 44
4 482
4 310
4 379
5 430
5 445
5 428
5 169
5 358
5 472
5 326
5 44
5 482
5 310
5 379
5 351
5 398
5 306
5 234
5 199
5 259
5 362
5 427
5 474
5 45
5 315
5 61
5 473
6 462
6 192
6 328
6 448
6 150
6 353
6 429
6 285
6 54
6 143
6 204
6 387
6 46
6 221
6 60
6 424
6 287
6 377
6 126
6 105
6 478
6 229
6 29
6 333
6 227
6 322
6 163
6 499
7 456
7 349
7 283
7 345
7 311
7 137
7 50
7 90
7 136
7 238
7 181
7 307
7 188
7 110
7 84
7 232
7 131
7 380
7 275
7 191
7 175
7 118
7 403
7 327
7 404
7 385
7 296
7 146
7 164
7 38
7 498
8 29
8 370
8 322
8 163
8 27
8 193
8 494
8 139
8 417
8 219
8 235
8 384
8 176
8 356
8 438
8 329
8 451
8 368
8 292
8 316
8 120
8 386
8 198
8 134
8 172
8 78
8 253
8 437
8 497
8 159
8 246
9 485
9 319
9 355
9 208
9 182
9 97
9 151
9 216
9 279
9 391
9 459
9 153
9 107
9 373
9 197
9 324
9 423
9 35
9 171
9 284
9 185
9 357
9 456
9 301
9 161
9 283
9 207
9 345
9 311
9 137
9 50
9 90
9 136
10 292
10 98
10 273
10 299
10 239
10 152
10 134
10 43
10 486
10 253
10 437
10 352
10 246
10 95
10 354
10 481
10 490
10 421
10 42
10 360
10 179
10 165
10 369
11 130
11 22
11 32
11 288
11 86
11 435
11 251
11 446
11 399
11 397
11 492
11 344
11 147
11 342
11 113
11 273
11 299
11 18
11 241
11 363
11 43
11 455
11 486
11 62
11 463
11 453
11 325
11 256
12 301
12 161
12 68
12 215
12 207
12 345
12 313
12 50
12 41
12 90
12 13
12 432
12 55
12 181
12 168
12 470
12 110
12 84
12 454
12 232
12 336
12 65
12 23
12 488
12 262
12 224
12 87
12 100
12 124
12 92
12 85
12 476
12 338
12 296
12 420
12 271
12 164
13 34
13 365
13 324
13 371
13 171
13 284
13 185
13 58
13 394
13 101
13 301
13 161
13 68
13 215
13 196
13 313
13 41
13 17
13 450
13 298
13 469
13 432
13 55
13 154
13 168
13 470
13 454
13 336
13 65
13 347
13 210
13 23
13 488
13 262
13 224
13 100
13 124
13 431
13 85
13 476
13 320
13 420
13 177
14 51
14 471
14 195
14 89
14 308
14 109
14 240
14 300
14 233
14 477
14 133
14 15
14 433
14 430
14 445
14 428
14 169
14 309
14 472
14 326
15 51
15 471
15 195
15 89
15 308
15 109
15 240
15 300
15 233
15 477
15 133
15 433
15 430
15 445
15 428
15 169
15 309
15 472
15 326
16 323
16 418
16 462
16 192
16 328
16 448
16 150
16 353
16 285
16 143
16 387
16 46
17 444
17 129
17 408
17 34
17 365
17 305
17 371
17 72
17 484
17 58
17 394
17 101
17 217
17 314
17 68
17 117
17 123
17 196
17 48
17 405
17 450
17 298
17 469
17 154
17 168
17 77
17 248
17 347
17 210
17 145
17 23
17 488
17 66
17 24
17 100
17 237
17 226
17 431
17 85
17 475
17 381
17 320
17 70
17 177
18 140
18 32
18 288
18 76
18 80
18 446
18 399
18 397
18 344
18 147
18 199
18 342
18 113
18 259
18 427
18 241
18 363
18 315
18 455
18 62
18 463
18 414
18 289
18 325
18 256
19 367
19 234
19 393
19 122
19 362
19 45
19 91
19 61
19 114
19 236
19 206
20 375
20 269
20 52
20 202
20 264
20 419
20 487
20 28
20 238
20 263
20 413
20 212
20 188
20 434
20 277
20 115
20 64
20 175
20 118
20 190
20 385
20 401
20 59
20 468
20 194
21 179
21 165
21 369
21 425
21 157
21 302
21 106
21 83
21 270
21 276
21 286
21 466
21 209
21 491
21 180
21 231
21 444
21 129
21 408
21 34
21 365
21 324
21 371
21 171
21 284
21 185
21 58
21 394
21 101
21 68
21 215
21 196
22 162
22 222
22 203
22 254
22 103
22 160
22 108
22 144
22 189
22 230
22 33
22 130
22 140
22 32
22 288
22 76
22 86
22 80
22 435
22 251
22 446
22 399
22 397
22 492
22 344
22 147
22 342
22 113
22 299
23 68
23 196
23 41
23 450
23 298
23 469
23 432
23 154
23 168
23 470
23 454
23 336
23 65
23 347
23 210
23 145
23 488
23 262
23 224
23 100
23 124
23 431
23 85
23 476
23 475
23 381
23 320
23 420
23 271
23 70
23 177
24 128
24 314
24 117
24 123
24 48
24 331
24 405
24 450
24 154
24 77
24 248
24 480
24 347
24 210
24 145
24 40
24 66
24 278
24 337
24 237
24 226
24 431
24 439
24 250
24 244
24 294
24 47
24 290
24 475
24 381
24 320
24 70
24 177
25 422
25 252
25 265
25 359
25 228
25 396
25 112
25 195
25 412
25 174
25 242
25 109
25 240
25 63
25 142
25 297
25 222
25 430
25 445
25 169
25 358
25 372
25 472
25 44
26 135
26 329
26 451
26 260
26 316
26 493
26 386
26 376
26 172
26 78
26 247
26 497
26 159
26 346
26 282
26 339
26 69
26 392
26 334
26 364
26 361
26 458
26 149
27 461
27 125
27 184
27 29
27 178
27 366
27 383
27 333
27 370
27 57
27 348
27 322
27 163
27 402
27 409
27 494
27 139
27 170
27 417
27 464
27 235
27 384
27 176
27 356
27 438
27 368
27 292
27 120
28 187
28 255
28 291
28 81
28 375
28 269
28 441
28 52
28 202
28 264
28 419
28 263
28 413
28 212
28 434
28 277
28 64
28 190
28 59
29 285
29 54
29 204
29 424
29 287
29 461
29 126
29 105
29 478
29 125
29 229
29 178
29 333
29 370
29 227
29 322
29 163
29 499
29 193
29 494
29 139
29 417
29 219
29 384
30 167
30 318
30 214
30 436
30 223
30 31
30 128
30 303
30 304
30 245
30 243
30 331
30 257
30 281
31 382
31 149
31 483
31 410
31 495
31 400
31 167
31 318
31 214
31 436
31 223
31 111
31 305
31 72
31 217
31 128
31 314
31 303
31 304
31 117
31 48
31 243
31 331
31 257
32 162
32 203
32 254
32 103
32 160
32 108
32 144
32 189
32 230
32 33
32 130
32 173
32 288
32 86
32 435
32 251
32 446
32 399
32 397
32 492
32 344
32 147
32 342
32 113
32 273
32 299
33 63
33 142
33 297
33 162
33 222
33 254
33 358
33 103
33 372
33 472
33 144
33 189
33 44
33 482
33 130
33 310
33 140
33 379
33 288
33 76
33 351
33 80
33 306
33 446
33 399
33 397
33 344
33 147
33 199
34 106
34 83
34 270
34 276
34 286
34 466
34 209
34 491
34 180
34 231
34 444
34 129
34 408
34 365
34 324
34 371
34 171
34 284
34 185
34 484
34 58
34 394
34 101
34 314
34 68
34 215
34 123
34 196
34 313
34 41
34 450
34 298
34 469
34 432
34 154
34 168
35 182
35 151
35 216
35 279
35 391
35 459
35 153
35 107
35 373
35 200
35 197
35 324
35 423
35 284
35 185
35 357
35 456
35 301
35 161
35 283
35 215
35 207
35 345
35 311
35 137
35 313
35 50
35 90
35 136
35 55
35 181
35 110
35 84
35 232
36 67
36 496
36 426
36 88
36 340
36 158
36 73
36 440
36 416
36 141
36 102
36 317
36 321
36 93
36 452
36 261
36 389
36 37
36 132
37 73
37 416
37 359
37 141
37 102
37 317
37 321
37 112
37 93
37 242
37 452
37 261
37 389
37 132
37 162
37 222
37 203
37 254
37 103
37 160
37 108
37 144
37 189
37 230
37 130
38 136
38 307
38 110
38 84
38 131
38 380
38 275
38 191
38 175
38 118
38 403
38 327
38 404
38 385
38 296
38 146
38 164
38 498
39 332
39 341
39 312
39 53
39 119
39 201
39 155
39 272
39 166
39 116
39 415
39 449
39 388
39 489
39 96
39 187
39 255
39 291
39 81
39 269
39 441
39 202
39 264
39 419
40 303
40 304
40 245
40 48
40 243
40 331
40 257
40 77
40 248
40 480
40 281
40 66
40 156
40 278
40 337
40 237
40 226
40 439
40 250
40 244
40 294
40 47
40 290
41 107
41 365
41 324
41 423
41 371
41 171
41 284
41 185
41 394
41 101
41 301
41 161
41 283
41 68
41 215
41 207
41 345
41 196
41 313
41 50
41 90
41 298
41 469
41 432
41 55
41 181
41 168
41 470
41 110
41 454
41 232
41 336
41 65
41 488
41 262
41 224
41 87
41 100
41 124
41 92
41 85
41 476
41 338
41 420
41 271
42 253
42 437
42 497
42 159
42 246
42 392
42 481
42 443
42 360
42 369
42 382
42 127
42 330
42 302
42 106
42 83
42 495
42 270
42 276
42 400
42 466
43 170
43 86
43 464
43 435
43 251
43 492
43 356
43 147
43 342
43 113
43 292
43 98
43 273
43 299
43 239
43 152
43 134
43 486
43 352
43 62
43 95
43 354
43 453
43 490
43 421
44 109
44 240
44 63
44 142
44 297
44 222
44 430
44 445
44 428
44 169
44 358
44 372
44 472
44 326
44 189
44 482
44 310
44 140
44 379
44 76
44 351
44 398
44 80
44 306
44 199
45 379
45 351
45 398
45 306
45 234
45 393
45 199
45 122
45 259
45 362
45 427
45 474
45 315
45 61
45 473
45 114
45 236
45 79
45 206
45 82
45 205
45 99
45 406
46 323
46 418
46 462
46 192
46 328
46 448
46 150
46 353
46 285
46 143
46 204
46 387
46 221
46 60
46 424
46 287
46 377
46 126
46 105
46 478
46 229
46 227
47 48
47 331
47 405
47 154
47 77
47 248
47 480
47 347
47 210
47 145
47 66
47 278
47 337
47 237
47 226
47 431
47 439
47 250
47 244
47 294
47 290
47 475
47 381
47 70
48 444
48 214
48 129
48 408
48 111
48 305
48 72
48 484
48 58
48 217
48 128
48 314
48 304
48 117
48 123
48 243
48 331
48 405
48 450
48 154
48 257
48 77
48 248
48 480
48 347
48 210
48 145
48 66
48 337
48 237
48 226
48 244
48 294
48 290
48 475
48 381
49 67
49 411
49 225
49 249
49 378
49 158
49 274
49 295
49 328
49 448
49 266
49 353
49 429
49 54
49 204
50 107
50 197
50 324
50 423
50 171
50 284
50 185
50 357
50 456
50 301
50 161
50 283
50 215
50 207
50 345
50 311
50 137
50 313
50 90
50 136
50 432
50 55
50 181
50 470
50 110
50 84
50 454
50 232
50 336
50 65
50 275
50 191
50 262
50 224
50 87
50 403
50 92
50 338
50 296
51 422
51 71
51 265
51 228
51 396
51 471
51 195
51 89
51 412
51 174
51 109
51 240
51 300
51 133
52 166
52 116
52 388
52 489
52 96
52 218
52 213
52 187
52 255
52 56
52 138
52 268
52 291
52 81
52 375
52 269
52 441
52 202
52 264
52 419
52 487
52 238
52 263
52 413
52 212
52 188
52 434
52 277
52 115
52 64
52 190
53 406
53 267
53 465
53 332
53 258
53 343
53 341
53 374
53 460
53 312
53 293
53 479
53 220
53 94
53 119
53 201
53 155
53 272
53 166
53 116
53 415
53 449
53 388
53 489
53 96
53 183
53 218
53 213
53 187
53 255
53 138
53 268
53 375
53 269
54 225
54 249
54 378
54 462
54 274
54 295
54 328
54 448
54 266
54 150
54 353
54 429
54 285
54 143
54 204
54 287
54 461
54 478
54 125
55 365
55 324
55 423
55 171
55 284
55 185
55 357
55 101
55 301
55 161
55 283
55 68
55 215
55 207
55 345
55 311
55 196
55 313
55 90
55 136
55 432
55 181
55 168
55 470
55 110
55 84
55 454
55 232
55 336
55 65
55 488
55 262
55 224
55 87
55 100
55 124
55 92
55 85
55 476
55 338
55 296
55 420
55 271
56 479
56 220
56 94
56 388
56 459
56 153
56 183
56 218
56 200
56 407
56 213
56 187
56 138
56 268
56 349
56 375
56 269
56 487
56 238
56 307
56 188
56 131
56 380
57 132
57 461
57 125
57 184
57 178
57 366
57 383
57 160
57 370
57 348
57 322
57 163
57 402
57 409
57 173
57 139
57 170
57 417
57 464
57 235
57 384
57 176
57 356
57 438
57 368
57 292
57 98
58 270
58 276
58 466
58 209
58 491
58 180
58 231
58 444
58 129
58 408
58 365
58 111
58 305
58 371
58 171
58 72
58 484
58 394
58 101
58 217
58 314
58 68
58 117
58 123
58 196
58 405
58 450
58 298
58 469
58 154
58 168
58 248
58 347
58 210
59 419
59 263
59 413
59 212
59 434
59 277
59 115
59 64
59 190
59 401
59 468
59 194
60 462
60 192
60 150
60 285
60 143
60 387
60 221
60 424
60 287
60 377
60 126
60 105
60 478
60 229
60 333
60 227
60 499
61 398
61 306
61 234
61 393
61 199
61 122
61 259
61 362
61 474
61 473
61 114
61 236
61 79
61 206
61 82
61 205
61 99
61 406
62 344
62 147
62 342
62 113
62 273
62 299
62 152
62 241
62 455
62 486
62 352
62 463
62 354
62 289
62 453
62 325
62 256
62 421
62 350
62 442
62 395
62 485
62 319
63 252
63 265
63 359
63 228
63 396
63 321
63 112
63 195
63 412
63 174
63 242
63 109
63 240
63 142
63 297
63 162
63 222
63 430
63 358
63 103
63 372
63 472
63 189
64 375
64 269
64 202
64 264
64 419
64 487
64 238
64 263
64 413
64 212
64 307
64 188
64 434
64 277
64 380
64 115
64 175
64 118
64 190
64 385
64 401
64 468
64 194
65 171
65 284
65 185
65 101
65 301
65 161
65 68
65 215
65 207
65 196
65 313
65 90
65 298
65 469
65 432
65 181
65 168
65 470
65 110
65 454
65 232
65 336
65 488
65 262
65 224
65 87
65 100
65 124
65 92
65 85
65 476
65 338
65 296
65 320
65 420
65 271
66 128
66 314
66 304
66 117
66 123
66 243
66 331
66 405
66 154
66 77
66 248
66 480
66 347
66 210
66 145
66 278
66 337
66 237
66 226
66 431
66 439
66 250
66 244
66 294
66 290
66 475
66 381
66 70
67 496
67 411
67 88
67 225
67 340
67 249
67 378
67 158
67 274
67 440
67 295
67 141
67 266
68 209
68 231
68 408
68 365
68 324
68 371
68 171
68 284
68 185
68 394
68 101
68 301
68 161
68 215
68 207
68 196
68 313
68 450
68 298
68 469
68 432
68 154
68 168
68 470
68 454
68 336
68 210
68 488
68 262
68 100
68 124
69 135
69 329
69 451
69 260
69 316
69 493
69 386
69 376
69 172
69 78
69 247
69 497
69 159
69 346
69 282
69 339
69 392
69 334
69 364
69 361
69 382
69 458
69 149
70 450
70 298
70 469
70 154
70 168
70 248
70 347
70 210
70 145
70 488
70 262
70 100
70 124
70 237
70 226
70 431
70 85
70 476
70 294
70 290
70 475
70 381
70 320
70 420
70 177
71 422
71 252
71 265
71 228
71 396
71 471
71 195
71 89
71 412
71 174
71 109
71 240
72 495
72 270
72 400
72 466
72 167
72 491
72 180
72 444
72 214
72 129
72 408
72 111
72 305
72 484
72 217
72 128
72 314
72 304
72 117
72 123
72 243
72 331
72 405
72 450
72 154
72 77
72 248
73 496
73 426
73 88
73 252
73 416
73 359
73 102
73 317
73 321
73 112
73 93
73 242
73 261
74 463
74 414
74 82
74 99
74 289
74 325
74 256
74 442
74 211
74 186
74 500
74 104
74 258
74 319
74 355
74 75
74 374
74 460
74 208
74 479
74 97
74 220
74 94
74 216
74 391
74 459
74 153
74 183
75 414
75 82
75 99
75 289
75 256
75 442
75 211
75 186
75 500
75 104
75 258
75 319
75 355
75 374
75 460
75 208
75 479
75 97
75 220
75 94
75 151
75 216
75 391
75 459
75 153
75 183
75 218
75 373
75 200
75 407
76 297
76 222
76 358
76 103
76 372
76 472
76 144
76 189
76 482
76 310
76 140
76 379
76 288
76 351
76 398
76 80
76 306
76 446
76 399
76 397
76 344
76 147
76 199
76 113
76 259
76 427
76 241
76 363
76 315
76 455
77 129
77 111
77 305
77 484
77 217
77 128
77 314
77 304
77 117
77 123
77 243
77 331
77 405
77 450
77 154
77 257
77 248
77 480
77 347
77 210
77 281
77 145
77 278
77 337
77 237
77 226
77 431
77 439
77 250
77 244
77 294
77 290
77 475
77 381
78 219
78 447
78 135
78 329
78 451
78 260
78 316
78 120
78 493
78 386
78 198
78 376
78 172
78 253
78 247
78 497
78 159
78 346
78 282
78 339
78 392
78 334
79 199
79 259
79 362
79 427
79 474
79 315
79 473
79 114
79 236
79 206
79 414
79 82
79 205
79 99
79 406
79 211
79 267
79 465
79 258
79 343
80 222
80 358
80 103
80 372
80 472
80 189
80 482
80 310
80 140
80 379
80 288
80 351
80 398
80 306
80 446
80 399
80 397
80 344
80 147
80 199
80 113
80 259
80 427
80 241
80 363
80 315
80 455
81 201
81 155
81 272
81 166
81 116
81 415
81 449
81 489
81 96
81 187
81 255
81 291
81 375
81 269
81 441
81 202
81 264
81 419
81 263
81 413
81 212
82 199
82 259
82 427
82 474
82 363
82 315
82 455
82 473
82 463
82 414
82 205
82 99
82 289
82 406
82 211
82 186
82 500
82 104
82 465
82 258
82 374
83 481
83 490
83 443
83 360
83 179
83 165
83 369
83 127
83 330
83 302
83 106
83 270
83 276
83 286
83 400
83 466
83 209
83 491
83 180
83 231
83 444
83 129
83 408
84 197
84 423
84 357
84 456
84 301
84 161
84 283
84 207
84 345
84 311
84 137
84 313
84 90
84 136
84 181
84 307
84 110
84 232
84 131
84 380
84 275
84 191
84 224
84 87
84 403
84 327
84 92
84 404
84 338
84 296
84 146
84 164
84 498
85 196
85 450
85 298
85 469
85 432
85 168
85 470
85 454
85 336
85 347
85 210
85 488
85 262
85 224
85 87
85 100
85 124
85 92
85 431
85 476
85 338
85 320
85 420
85 271
85 177
86 162
86 203
86 254
86 103
86 160
86 108
86 144
86 189
86 230
86 130
86 409
86 173
86 288
86 435
86 251
86 446
86 399
86 397
86 492
86 344
86 147
86 342
86 113
86 273
86 299
86 152
86 486
87 301
87 161
87 283
87 215
87 207
87 345
87 313
87 90
87 136
87 432
87 181
87 470
87 110
87 454
87 232
87 336
87 191
87 488
87 262
87 224
87 403
87 100
87 124
87 92
87 404
87 476
87 338
87 296
87 420
87 271
87 164
88 496
88 426
88 340
88 158
88 440
88 416
88 141
88 102
88 317
88 321
88 93
88 452
88 261
89 121
89 390
89 471
89 467
89 195
89 308
89 240
89 300
89 233
89 335
89 477
89 133
89 433
89 445
89 428
89 309
90 373
90 197
90 423
90 185
90 357
90 456
90 301
90 161
90 283
90 207
90 345
90 311
90 137
90 313
90 136
90 432
90 181
90 110
90 232
90 131
90 275
90 191
90 224
90 403
90 92
90 404
90 338
90 296
90 164
91 367
91 234
91 393
91 122
91 362
91 114
91 236
91 206
91 457
92 215
92 207
92 313
92 432
92 181
92 470
92 110
92 454
92 232
92 336
92 191
92 488
92 262
92 224
92 403
92 100
92 124
92 404
92 476
92 338
92 296
92 420
92 271
92 164
93 496
93 426
93 340
93 158
93 440
93 416
93 141
93 102
93 317
93 321
93 112
93 242
93 452
93 261
93 389
93 132
93 203
94 211
94 500
94 104
94 465
94 258
94 343
94 341
94 374
94 460
94 293
94 479
94 97
94 220
94 119
94 166
94 116
94 391
94 388
94 489
94 459
94 183
94 218
94 200
94 407
94 213
94 187
94 138
94 268
95 292
95 98
95 273
95 299
95 239
95 152
95 134
95 486
95 437
95 352
95 246
95 354
95 481
95 490
95 421
95 360
95 395
95 179
95 165
95 369
95 425
96 267
96 332
96 341
96 312
96 293
96 119
96 201
96 155
96 272
96 166
96 116
96 415
96 449
96 388
96 489
96 213
96 187
96 255
96 291
96 375
96 269
96 441
96 202
96 264
96 419
97 442
97 211
97 186
97 500
97 104
97 258
97 485
97 319
97 355
97 374
97 208
97 479
97 182
97 220
97 151
97 216
97 279
97 391
97 459
97 153
97 183
97 218
97 373
97 200
97 407
97 197
97 349
98 348
98 402
98 409
98 173
98 170
98 417
98 464
98 435
98 251
98 235
98 492
98 384
98 176
98 356
98 438
98 368
98 292
98 273
98 299
98 120
98 239
98 152
98 134
98 486
98 437
98 352
98 246
98 354
99 199
99 259
99 427
99 474
99 363
99 315
99 455
99 473
99 463
99 414
99 205
99 289
99 406
99 211
99 186
99 500
99 104
99 465
99 258
99 343
99 374
99 460
100 215
100 196
100 313
100 450
100 298
100 469
100 432
100 154
100 168
100 470
100 454
100 336
100 347
100 210
100 488
100 262
100 224
100 124
100 431
100 476
100 338
100 320
100 420
100 271
100 177
101 286
101 209
101 180
101 231
101 107
101 408
101 365
101 324
101 371
101 171
101 284
101 185
101 394
101 301
101 161
101 215
101 207
101 196
101 313
101 450
101 298
101 469
101 432
101 168
101 470
101 454
101 336
102 496
102 340
102 158
102 440
102 416
102 141
102 317
102 321
102 452
102 261
102 389
102 132
103 242
103 142
103 297
103 162
103 222
103 203
103 254
103 358
103 372
103 108
103 144
103 189
103 230
103 130
103 140
103 288
103 446
103 399
103 397
103 344
103 147
104 463
104 414
104 289
104 256
104 442
104 211
104 186
104 500
104 465
104 258
104 343
104 355
104 374
104 460
104 208
104 293
104 479
104 220
104 391
104 459
104 183
105 192
105 328
105 150
105 353
105 285
105 143
105 204
105 387
105 221
105 424
105 287
105 377
105 126
105 478
105 229
105 333
105 227
105 322
105 499
105 193
105 148
106 481
106 490
106 443
106 360
106 179
106 165
106 369
106 127
106 330
106 302
106 495
106 270
106 276
106 286
106 400
106 466
106 209
106 491
106 180
106 231
106 444
106 129
106 408
107 395
107 485
107 319
107 425
107 157
107 182
107 286
107 151
107 216
107 279
107 209
107 153
107 373
107 197
107 365
107 324
107 423
107 171
107 284
107 185
107 357
107 456
107 301
107 161
107 283
107 215
107 207
107 345
107 311
107 313
108 261
108 389
108 132
108 162
108 222
108 203
108 254
108 383
108 160
108 144
108 189
108 230
108 130
108 409
108 173
108 288
108 435
108 251
108 446
108 492
108 344
108 147
108 342
109 422
109 252
109 265
109 359
109 228
109 396
109 471
109 195
109 412
109 174
109 240
109 142
109 133
109 297
109 222
109 430
109 445
109 428
109 169
109 358
109 372
109 472
110 197
110 423
110 185
110 357
110 456
110 301
110 161
110 283
110 207
110 345
110 311
110 137
110 313
110 136
110 432
110 181
110 232
110 131
110 275
110 191
110 224
110 403
110 327
110 404
110 338
110 296
110 146
110 271
110 164
110 498
111 127
111 330
111 483
111 410
111 495
111 400
111 466
111 167
111 491
111 180
111 444
111 214
111 223
111 129
111 408
111 305
111 484
111 217
111 128
111 314
111 304
111 117
111 123
111 243
111 331
111 405
111 248
112 426
112 252
112 265
112 416
112 359
112 317
112 321
112 242
112 261
112 142
112 162
112 222
113 144
113 189
113 130
113 140
113 288
113 435
113 251
113 446
113 399
113 397
113 492
113 344
113 147
113 342
113 273
113 299
113 241
113 363
113 455
113 486
113 463
114 367
114 234
114 393
114 122
114 362
114 236
114 206
114 205
114 406
114 457
114 267
115 375
115 269
115 202
115 264
115 419
115 487
115 238
115 263
115 413
115 307
115 188
115 434
115 277
115 131
115 380
115 175
115 118
115 190
115 327
115 385
115 401
115 468
116 406
116 457
116 267
116 465
116 332
116 258
116 343
116 341
116 460
116 312
116 293
116 479
116 220
116 119
116 201
116 155
116 272
116 166
116 415
116 449
116 388
116 489
116 218
116 213
116 187
116 255
116 138
116 268
116 291
116 375
116 269
116 441
116 202
117 491
117 444
117 129
117 408
117 305
117 484
117 217
117 128
117 314
117 304
117 123
117 243
117 331
117 405
117 450
117 298
117 154
117 248
117 480
117 347
117 210
117 145
117 237
117 226
118 487
118 238
118 307
118 188
118 434
118 131
118 380
118 275
118 191
118 175
118 190
118 403
118 327
118 404
118 385
118 401
118 146
118 498
119 406
119 267
119 465
119 332
119 258
119 343
119 341
119 374
119 460
119 312
119 293
119 479
119 220
119 201
119 155
119 272
119 166
119 415
119 449
119 388
119 489
119 183
119 218
119 213
119 187
119 255
119 138
119 268
119 291
119 375
119 269
120 494
120 139
120 417
120 235
120 384
120 176
120 356
120 438
120 451
120 368
120 292
120 316
120 239
120 198
120 134
120 172
120 253
120 437
120 497
120 159
120 246
120 392
120 481
121 390
121 471
121 467
121 308
121 300
121 233
121 335
122 367
122 234
122 393
122 362
122 236
122 206
123 491
123 180
123 444
123 129
123 408
123 305
123 371
123 484
123 394
123 217
123 128
123 314
123 304
123 196
123 331
123 405
123 450
123 298
123 469
123 154
123 168
123 248
123 347
123 210
123 145
123 237
123 226
123 431
124 215
124 196
124 313
124 469
124 432
124 168
124 470
124 454
124 232
124 336
124 488
124 262
124 224
124 476
124 338
124 296
124 320
124 420
124 271
124 177
125 266
125 429
125 132
125 461
125 184
125 178
125 366
125 383
125 370
125 348
125 322
125 163
125 402
125 409
125 173
125 139
125 170
125 417
125 235
126 192
126 150
126 353
126 285
126 143
126 387
126 221
126 424
126 287
126 377
126 478
126 229
126 333
126 227
126 499
126 193
126 148
127 392
127 443
127 360
127 382
127 330
127 302
127 483
127 410
127 495
127 270
127 400
127 466
127 167
127 491
127 180
127 444
127 214
127 129
127 305
128 400
128 167
128 491
128 444
128 214
128 436
128 223
128 129
128 408
128 305
128 484
128 217
128 314
128 303
128 304
128 243
128 331
128 405
128 154
128 257
128 248
128 480
129 330
129 302
129 495
129 270
129 276
129 400
129 466
129 491
129 180
129 231
129 444
129 408
129 305
129 371
129 484
129 394
129 217
129 314
129 304
129 405
129 450
129 298
129 469
129 154
129 248
130 162
130 222
130 203
130 254
130 160
130 144
130 189
130 230
130 173
130 288
130 435
130 251
130 446
130 399
130 397
130 492
130 344
130 147
130 342
130 299
131 349
131 311
131 137
131 487
131 136
131 238
131 307
131 188
131 380
131 275
131 191
131 175
131 403
131 327
131 404
131 385
131 146
131 164
131 498
132 440
132 141
132 317
132 452
132 261
132 389
132 461
132 203
132 254
132 184
132 178
132 366
132 383
132 160
132 348
132 230
132 402
132 409
132 173
133 471
133 195
133 174
133 308
133 240
133 300
133 233
133 477
133 433
133 430
133 445
133 428
133 169
133 309
133 358
133 472
133 326
133 482
134 170
134 417
134 464
134 435
134 235
134 492
134 384
134 176
134 356
134 438
134 368
134 292
134 273
134 299
134 239
134 152
134 198
134 253
134 437
134 352
134 246
134 354
134 481
134 490
135 227
135 499
135 193
135 494
135 148
135 219
135 447
135 329
135 451
135 260
135 316
135 493
135 386
135 376
135 172
135 247
135 497
135 346
135 282
135 339
136 373
136 197
136 423
136 357
136 456
136 349
136 301
136 161
136 283
136 207
136 345
136 311
136 137
136 181
136 307
136 232
136 380
136 275
136 191
136 403
136 327
136 404
136 296
136 146
136 164
137 459
137 153
137 373
137 200
137 407
137 197
137 423
137 357
137 456
137 349
137 301
137 161
137 283
137 207
137 345
137 311
137 181
137 307
137 232
137 380
137 275
137 191
137 403
137 404
138 479
138 220
138 166
138 388
138 489
138 183
138 218
138 200
138 407
138 213
138 187
138 255
138 268
138 291
138 349
138 375
138 269
138 202
138 264
138 419
138 487
138 238
138 263
138 413
138 307
138 188
138 434
139 287
139 229
139 178
139 333
139 370
139 227
139 322
139 163
139 499
139 193
139 494
139 417
139 219
139 235
139 447
139 384
139 176
139 438
139 329
139 451
139 368
139 260
139 316
139 386
139 198
140 297
140 162
140 222
140 358
140 372
140 472
140 144
140 189
140 482
140 310
140 379
140 288
140 351
140 398
140 306
140 446
140 399
140 397
140 344
140 147
140 199
140 259
140 427
140 241
140 363
140 315
141 496
141 340
141 158
141 440
141 416
141 317
141 266
141 452
141 261
141 389
142 252
142 265
142 359
142 228
142 396
142 321
142 195
142 412
142 174
142 242
142 240
142 297
142 162
142 222
142 430
142 445
142 169
142 358
142 372
142 472
142 189
143 323
143 418
143 462
143 192
143 328
143 448
143 150
143 353
143 285
143 204
143 387
143 221
143 424
143 287
143 377
143 478
143 229
144 242
144 261
144 162
144 222
144 203
144 254
144 160
144 189
144 230
144 288
144 435
144 251
144 446
144 399
144 397
144 492
144 344
144 147
144 342
145 217
145 314
145 331
145 405
145 450
145 298
145 469
145 154
145 168
145 248
145 480
145 347
145 210
145 337
145 237
145 226
145 431
145 244
145 294
145 290
145 475
145 381
145 320
145 177
146 307
146 380
146 275
146 191
146 175
146 403
146 327
146 404
146 385
146 296
146 164
146 498
147 189
147 230
147 288
147 435
147 251
147 446
147 399
147 397
147 492
147 344
147 342
147 273
147 299
147 241
147 363
147 455
147 486
148 377
148 478
148 229
148 333
148 227
148 499
148 193
148 494
148 219
148 447
148 329
148 451
148 260
148 316
148 493
148 386
148 376
149 282
149 339
149 334
149 364
149 361
149 382
149 458
149 483
149 410
149 495
149 167
149 318
149 214
149 436
149 223
150 323
150 225
150 418
150 462
150 192
150 328
150 448
150 353
150 429
150 285
150 204
150 387
150 221
150 424
150 287
150 377
150 478
151 325
151 256
151 350
151 442
151 186
151 500
151 485
151 319
151 355
151 208
151 182
151 216
151 279
151 391
151 459
151 153
151 373
151 200
151 197
151 423
151 357
151 456
152 409
152 173
152 170
152 464
152 435
152 251
152 235
152 492
152 176
152 356
152 342
152 292
152 273
152 299
152 239
152 486
152 437
152 352
152 354
152 490
152 421
153 500
153 485
153 319
153 355
153 374
153 208
153 182
153 220
153 216
153 279
153 391
153 459
153 183
153 373
153 200
153 407
153 197
153 423
153 357
153 456
153 349
153 283
153 345
153 311
154 408
154 305
154 371
154 484
154 394
154 217
154 314
154 196
154 405
154 450
154 298
154 469
154 168
154 248
154 347
154 210
154 488
154 237
154 226
154 431
154 294
154 290
154 475
154 381
154 320
154 177
155 457
155 267
155 465
155 332
155 343
155 341
155 312
155 293
155 201
155 272
155 166
155 415
155 449
155 388
155 489
155 187
155 255
155 291
155 441
156 303
156 245
156 243
156 331
156 257
156 480
156 281
156 278
156 337
156 439
156 250
156 244
157 354
157 453
157 490
157 421
157 350
157 395
157 179
157 165
157 485
157 319
157 369
157 425
157 182
157 276
157 286
157 279
157 209
157 231
157 365
157 324
158 496
158 411
158 340
158 249
158 378
158 274
158 440
158 295
158 266
158 429
158 452
159 384
159 438
159 329
159 451
159 368
159 260
159 316
159 493
159 386
159 198
159 376
159 172
159 253
159 437
159 497
159 246
159 346
159 392
159 481
159 443
160 452
160 261
160 389
160 162
160 203
160 254
160 184
160 366
160 383
160 348
160 230
160 402
160 409
160 173
160 288
160 170
160 464
160 435
160 251
160 492
161 279
161 197
161 365
161 324
161 423
161 171
161 284
161 185
161 357
161 456
161 301
161 283
161 215
161 207
161 345
161 311
161 313
161 432
161 181
161 470
161 454
161 232
161 336
161 224
162 359
162 321
162 242
162 261
162 297
162 222
162 203
162 254
162 372
162 189
162 230
162 288
163 287
163 461
163 478
163 229
163 178
163 333
163 370
163 227
163 322
163 193
163 494
163 417
163 219
163 235
163 384
163 176
163 438
163 451
163 368
164 181
164 232
164 275
164 191
164 175
164 224
164 403
164 327
164 404
164 385
164 338
164 296
164 271
164 498
165 352
165 354
165 453
165 490
165 421
165 350
165 360
165 395
165 179
165 369
165 425
165 276
165 286
165 209
165 231
166 406
166 267
166 465
166 332
166 258
166 343
166 341
166 460
166 312
166 293
166 479
166 220
166 201
166 272
166 415
166 449
166 388
166 489
166 218
166 213
166 187
166 255
166 268
166 291
166 375
166 269
166 202
167 382
167 458
167 330
167 483
167 410
167 495
167 400
167 318
167 214
167 436
167 223
167 305
167 217
167 303
167 304
168 365
168 324
168 371
168 171
168 284
168 394
168 215
168 196
168 313
168 450
168 298
168 469
168 432
168 470
168 454
168 336
168 347
168 210
168 488
168 262
168 224
168 431
168 476
168 320
168 420
168 177
169 195
169 412
169 174
169 240
169 300
169 297
169 433
169 430
169 445
169 428
169 309
169 358
169 372
169 472
169 326
169 482
169 310
169 379
169 351
169 398
169 306
170 184
170 178
170 366
170 383
170 370
170 348
170 230
170 402
170 409
170 173
170 417
170 464
170 435
170 251
170 235
170 492
170 384
170 176
170 356
170 438
170 368
170 292
170 273
170 299
170 239
171 286
171 209
171 231
171 365
171 324
171 423
171 371
171 284
171 185
171 394
171 301
171 215
171 207
171 196
171 313
171 298
171 469
171 432
171 470
171 454
171 336
172 219
172 447
172 384
172 438
172 329
172 451
172 368
172 260
172 316
172 493
172 386
172 198
172 376
172 253
172 437
172 497
172 246
172 346
172 339
172 392
172 443
173 461
173 203
173 184
173 178
173 366
173 383
173 370
173 348
173 230
173 402
173 409
173 464
173 435
173 251
173 235
173 492
173 176
173 356
173 292
173 273
173 299
173 239
174 422
174 252
174 265
174 359
174 228
174 396
174 471
174 195
174 412
174 240
174 297
174 430
174 445
174 428
174 358
175 487
175 238
175 307
175 188
175 434
175 380
175 275
175 191
175 190
175 403
175 327
175 404
175 385
175 498
176 184
176 178
176 366
176 370
176 348
176 402
176 409
176 417
176 464
176 235
176 384
176 356
176 438
176 368
176 292
176 239
176 198
176 253
176 437
176 246
177 450
177 298
177 469
177 454
177 336
177 347
177 210
177 488
177 262
177 226
177 431
177 476
177 290
177 475
177 381
177 320
177 420
178 461
178 184
178 366
178 383
178 370
178 348
178 322
178 402
178 409
178 417
178 464
178 235
178 384
178 356
178 438
179 352
179 354
179 481
179 490
179 421
179 350
179 360
179 395
179 369
179 425
179 276
179 286
179 209
179 231
180 369
180 330
180 302
180 495
180 270
180 276
180 286
180 400
180 466
180 209
180 491
180 231
180 444
180 408
180 365
180 305
180 371
180 484
180 394
180 217
180 314
181 197
181 423
181 284
181 185
181 357
181 456
181 301
181 283
181 215
181 207
181 345
181 311
181 313
181 432
181 470
181 454
181 232
181 336
181 275
181 191
181 262
181 224
181 403
181 404
181 338
181 296
181 271
182 453
182 325
182 256
182 350
182 442
182 186
182 395
182 485
182 319
182 355
182 425
182 208
182 216
182 279
182 391
182 459
182 373
182 197
182 423
182 357
182 456
183 500
183 258
183 374
183 460
183 293
183 479
183 220
183 391
183 388
183 459
183 218
183 373
183 200
183 407
183 213
183 187
183 197
183 268
183 349
183 375
184 452
184 389
184 461
184 366
184 383
184 370
184 348
184 230
184 402
184 409
184 417
184 464
184 435
184 235
184 356
185 286
185 279
185 209
185 231
185 365
185 324
185 423
185 371
185 284
185 357
185 456
185 301
185 283
185 215
185 207
185 345
185 311
185 196
185 313
185 432
185 470
185 454
185 232
185 336
186 455
186 463
186 414
186 289
186 325
186 256
186 442
186 211
186 500
186 485
186 319
186 355
186 374
186 208
186 479
186 216
186 391
186 459
187 460
187 293
187 479
187 220
187 201
187 272
187 415
187 449
187 388
187 489
187 218
187 213
187 255
187 268
187 291
187 375
187 269
187 441
187 202
187 264
187 419
187 487
187 263
187 413
188 213
188 268
188 349
188 375
188 269
188 264
188 487
188 238
188 263
188 413
188 307
188 434
188 277
188 380
188 275
188 190
188 327
188 385
188 401
189 242
189 297
189 222
189 203
189 254
189 358
189 372
189 288
189 446
189 399
189 397
189 344
190 202
190 264
190 419
190 487
190 238
190 263
190 413
190 212
190 434
190 277
190 385
190 401
190 468
190 194
191 283
191 207
191 345
191 311
191 307
191 232
191 380
191 275
191 403
191 327
191 404
191 385
191 338
191 296
191 498
192 323
192 418
192 462
192 328
192 448
192 353
192 285
192 387
192 221
192 424
192 287
192 377
192 478
193 424
193 287
193 478
193 229
193 333
193 227
193 322
193 499
193 494
193 219
193 447
193 384
193 438
193 329
193 451
193 260
193 316
193 493
193 386
194 277
194 401
194 468
195 422
195 252
195 265
195 228
195 396
195 471
195 412
195 240
195 300
195 297
195 430
195 445
195 428
196 209
196 231
196 408
196 365
196 324
196 371
196 284
196 484
196 394
196 301
196 215
196 313
196 450
196 298
196 469
196 432
196 470
196 454
196 336
196 347
196 210
196 488
196 262
196 476
197 208
197 216
197 279
197 391
197 459
197 373
197 200
197 407
197 423
197 357
197 456
197 349
197 301
197 283
197 207
197 345
197 311
198 494
198 417
198 235
198 384
198 438
198 329
198 451
198 368
198 292
198 316
198 386
198 253
198 437
198 497
198 246
198 392
198 481
199 472
199 482
199 310
199 379
199 351
199 398
199 306
199 397
199 259
199 427
199 474
199 241
199 363
199 315
199 455
199 473
199 414
200 374
200 208
200 479
200 220
200 216
200 391
200 459
200 218
200 373
200 407
200 213
200 268
200 357
200 456
200 349
200 311
200 307
201 406
201 457
201 267
201 465
201 332
201 343
201 341
201 460
201 312
201 293
201 272
201 415
201 449
201 388
201 489
201 255
201 291
201 269
201 441
202 415
202 449
202 388
202 489
202 213
202 255
202 268
202 291
202 375
202 269
202 441
202 264
202 419
202 487
202 238
202 263
202 413
202 212
202 434
202 277
203 317
203 321
203 242
203 452
203 261
203 389
203 222
203 254
203 383
203 230
203 288
203 435
203 251
204 225
204 249
204 378
204 462
204 274
204 295
204 328
204 448
204 266
204 353
204 429
204 285
204 424
204 287
204 461
204 478
204 229
204 333
205 362
205 474
205 315
205 473
205 236
205 206
205 414
205 406
205 457
205 211
205 267
205 465
205 258
205 343
205 460
206 234
206 393
206 362
206 236
206 406
206 457
206 267
206 465
206 332
206 341
207 373
207 324
207 423
207 284
207 357
207 456
207 301
207 283
207 215
207 345
207 311
207 313
207 432
207 470
207 454
207 232
207 336
207 224
208 289
208 325
208 256
208 350
208 442
208 211
208 500
208 485
208 319
208 355
208 374
208 216
208 279
208 391
208 459
208 373
209 395
209 369
209 425
209 270
209 276
209 286
209 491
209 231
209 408
209 365
209 324
209 371
209 284
209 394
209 215
210 484
210 394
210 314
210 405
210 450
210 298
210 469
210 248
210 347
210 488
210 237
210 226
210 431
210 476
210 294
210 290
210 475
210 381
210 320
211 363
211 315
211 455
211 473
211 463
211 414
211 289
211 256
211 442
211 500
211 465
211 258
211 343
211 355
211 374
211 460
211 479
211 220
211 391
212 255
212 291
212 269
212 441
212 264
212 419
212 263
212 413
212 434
212 277
212 401
213 460
213 293
213 479
213 220
213 415
213 388
213 489
213 218
213 407
213 255
213 268
213 291
213 349
213 375
213 269
213 264
213 487
213 238
213 263
213 413
214 382
214 458
214 483
214 410
214 495
214 400
214 318
214 436
214 223
214 305
214 217
214 303
214 304
214 245
214 243
214 331
215 231
215 365
215 324
215 423
215 371
215 284
215 394
215 301
215 283
215 345
215 313
215 450
215 298
215 469
215 432
215 470
215 454
215 232
215 336
215 488
215 262
215 224
216 325
216 256
216 442
216 500
216 485
216 319
216 355
216 279
216 391
216 459
216 373
216 407
216 423
216 357
216 456
217 400
217 466
217 491
217 444
217 408
217 305
217 484
217 314
217 304
217 243
217 331
217 405
217 450
217 248
217 480
218 465
218 258
218 343
218 374
218 460
218 293
218 479
218 220
218 388
218 489
218 459
218 407
218 268
218 349
218 375
218 269
218 487
219 229
219 333
219 227
219 322
219 499
219 494
219 447
219 329
219 451
219 260
219 316
219 493
219 386
219 376
220 500
220 465
220 258
220 343
220 374
220 460
220 293
220 479
220 391
220 388
220 489
220 459
220 407
220 268
220 349
221 462
221 285
221 387
221 424
221 287
221 377
221 478
221 229
221 227
221 499
222 359
222 321
222 412
222 242
222 297
222 254
222 358
222 372
222 288
223 458
223 483
223 410
223 318
223 436
223 303
223 304
223 245
223 243
223 331
223 257
224 301
224 313
224 432
224 470
224 454
224 232
224 336
224 488
224 262
224 476
224 338
224 296
224 420
224 271
225 411
225 249
225 378
225 462
225 274
225 295
225 328
225 448
225 266
225 353
225 429
225 285
226 331
226 405
226 450
226 248
226 480
226 347
226 278
226 337
226 237
226 431
226 439
226 250
226 244
226 294
226 290
226 475
226 381
226 320
227 387
227 424
227 287
227 377
227 478
227 229
227 333
227 322
227 499
227 494
227 447
227 329
227 451
227 260
227 316
228 422
228 252
228 265
228 359
228 396
228 471
228 412
228 240
228 297
229 285
229 387
229 424
229 287
229 377
229 478
229 333
229 322
229 499
229 494
229 447
230 452
230 261
230 389
230 254
230 366
230 383
230 348
230 402
230 409
230 288
230 464
230 435
230 251
230 446
230 492
230 344
230 342
231 369
231 425
231 302
231 270
231 276
231 286
231 466
231 491
231 444
231 408
231 365
231 324
231 371
231 284
231 484
231 394
232 423
232 357
232 456
232 301
232 283
232 345
232 311
232 313
232 432
232 470
232 454
232 336
232 275
232 262
232 403
232 404
232 338
232 296
232 420
232 271
233 390
233 471
233 467
233 308
233 300
233 335
233 477
233 433
233 428
233 309
233 280
234 309
234 326
234 398
234 367
234 393
234 362
234 236
235 366
235 383
235 370
235 348
235 322
235 402
235 409
235 417
235 464
235 384
235 356
235 438
235 368
235 292
235 239
235 253
235 437
236 393
236 362
236 474
236 473
236 406
236 457
236 267
236 465
236 332
237 243
237 331
237 405
237 248
237 480
237 347
237 278
237 337
237 431
237 439
237 250
237 244
237 294
237 290
237 475
237 381
238 407
238 268
238 349
238 375
238 269
238 264
238 487
238 263
238 413
238 307
238 434
238 277
238 380
238 275
238 327
238 385
238 401
239 402
239 409
239 464
239 435
239 251
239 492
239 356
239 368
239 292
239 273
239 299
239 486
239 437
239 352
239 246
239 354
239 481
239 490
239 421
240 422
240 252
240 265
240 359
240 396
240 471
240 412
240 297
240 430
240 445
240 428
240 358
240 372
240 472
241 288
241 446
241 399
241 397
241 344
241 342
241 259
241 427
241 363
241 315
241 455
241 463
241 414
241 289
241 453
241 325
241 256
241 442
242 426
242 416
242 359
242 317
242 321
242 261
242 297
242 254
243 436
243 305
243 314
243 303
243 304
243 245
243 331
243 405
243 257
243 248
243 480
243 281
243 278
243 337
243 439
243 250
243 244
244 331
244 405
244 257
244 248
244 480
244 347
244 281
244 278
244 337
244 431
244 439
244 250
244 294
244 290
244 475
244 381
245 318
245 436
245 303
245 257
245 281
246 384
246 438
246 368
246 292
246 253
246 437
246 352
246 497
246 392
246 481
246 490
246 443
246 360
247 447
247 329
247 451
247 260
247 316
247 493
247 386
247 376
247 497
247 346
247 282
247 339
247 334
247 364
247 361
248 408
248 305
248 484
248 314
248 304
248 331
248 405
248 450
248 298
248 469
248 480
248 347
248 337
248 431
248 294
248 290
248 475
248 381
249 411
249 378
249 274
249 295
249 328
249 448
249 266
249 353
249 429
250 331
250 257
250 480
250 281
250 278
250 337
250 439
250 294
250 290
250 475
251 254
251 383
251 348
251 402
251 409
251 288
251 464
251 435
251 446
251 492
251 344
251 356
251 342
251 292
251 273
251 299
251 486
252 422
252 265
252 359
252 396
252 412
253 384
253 438
253 368
253 292
253 316
253 386
253 437
253 497
253 392
253 481
253 443
253 360
254 261
254 389
254 288
254 446
254 344
255 272
255 415
255 449
255 388
255 489
255 268
255 291
255 375
255 269
255 441
255 264
255 419
255 263
255 413
255 277
256 363
256 455
256 463
256 414
256 289
256 453
256 325
256 350
256 442
256 500
256 395
256 485
256 319
256 355
257 436
257 303
257 304
257 331
257 480
257 281
257 278
257 337
257 439
258 406
258 267
258 500
258 465
258 343
258 341
258 374
258 460
258 293
258 479
258 388
258 489
259 482
259 310
259 379
259 351
259 398
259 306
259 399
259 397
259 427
259 474
259 363
259 315
259 455
259 473
259 463
259 414
259 289
260 499
260 494
260 447
260 329
260 451
260 316
260 493
260 386
260 376
260 497
260 346
260 282
260 339
261 340
261 440
261 416
261 317
261 321
261 452
261 389
262 301
262 313
262 298
262 469
262 432
262 470
262 454
262 336
262 488
262 476
262 338
262 296
262 320
262 420
262 271
263 268
263 291
263 375
263 269
263 441
263 264
263 419
263 487
263 413
263 434
263 277
263 401
264 388
264 489
264 268
264 291
264 375
264 269
264 441
264 419
264 487
264 413
264 434
264 277
265 422
265 359
265 396
265 412
265 297
266 411
266 378
266 274
266 440
266 295
266 448
266 429
266 452
266 389
266 461
267 406
267 457
267 465
267 332
267 343
267 341
267 460
267 312
267 293
267 272
267 415
267 449
267 388
267 489
268 479
268 388
268 489
268 407
268 291
268 349
268 375
268 269
268 419
268 487
268 413
268 307
268 434
268 277
269 415
269 449
269 388
269 489
269 291
269 375
269 441
269 419
269 487
269 413
269 434
269 277
270 481
270 443
270 360
270 369
270 382
270 330
270 302
270 495
270 276
270 400
270 466
270 491
270 444
270 408
270 305
270 484
271 432
271 470
271 454
271 336
271 488
271 476
271 338
271 296
271 420
272 457
272 332
272 343
272 341
272 312
272 293
272 415
272 449
272 388
272 489
272 291
272 441
273 409
273 464
273 435
273 492
273 344
273 356
273 342
273 292
273 299
273 486
273 352
273 354
274 411
274 378
274 295
274 328
274 448
274 353
274 429
274 461
275 456
275 349
275 283
275 345
275 311
275 307
275 380
275 403
275 327
275 404
275 385
275 338
275 296
275 498
276 481
276 490
276 360
276 369
276 425
276 330
276 302
276 286
276 466
276 491
276 444
276 408
276 365
276 371
276 394
277 291
277 375
277 441
277 419
277 487
277 413
277 434
277 401
277 468
278 303
278 304
278 331
278 480
278 281
278 337
278 439
278 294
278 290
279 350
279 442
279 395
279 485
279 319
279 355
279 425
279 286
279 391
279 459
279 373
279 324
279 423
279 284
279 357
279 456
279 301
279 283
280 308
280 335
280 477
280 433
280 309
280 367
281 303
281 304
281 331
281 480
281 337
281 439
281 294
282 493
282 386
282 376
282 497
282 346
282 339
282 334
282 364
282 361
282 458
283 373
283 324
283 423
283 284
283 357
283 456
283 301
283 345
283 311
283 313
283 432
283 403
284 286
284 365
284 324
284 423
284 371
284 357
284 394
284 301
284 345
284 313
284 432
284 470
284 454
284 336
285 323
285 418
285 462
285 328
285 448
285 353
285 429
285 387
285 424
285 287
285 377
285 478
286 490
286 421
286 395
286 369
286 425
286 365
286 324
286 371
287 328
287 448
287 353
287 429
287 387
287 424
287 377
287 478
287 333
287 322
287 499
287 494
288 372
288 435
288 446
288 399
288 397
288 492
288 344
288 342
288 299
289 427
289 363
289 315
289 455
289 463
289 414
289 453
289 325
289 350
289 442
289 500
289 485
289 319
289 355
289 374
290 405
290 480
290 347
290 337
290 431
290 439
290 294
290 475
290 381
290 320
291 415
291 449
291 388
291 489
291 375
291 441
291 419
291 413
291 434
292 370
292 348
292 402
292 409
292 417
292 464
292 435
292 492
292 384
292 356
292 438
292 368
292 299
292 437
292 352
293 406
293 465
293 332
293 343
293 341
293 374
293 460
293 312
293 479
293 415
293 449
293 388
293 489
294 331
294 405
294 480
294 347
294 337
294 431
294 439
294 475
294 381
295 411
295 378
295 328
295 448
295 353
295 429
295 461
296 336
296 403
296 404
296 338
296 420
296 498
297 359
297 396
297 412
297 430
297 445
297 358
297 372
297 472
297 482
297 310
298 408
298 365
298 371
298 484
298 394
298 314
298 405
298 450
298 469
298 432
298 470
298 454
298 336
298 347
298 488
298 431
298 476
298 320
299 464
299 435
299 446
299 492
299 344
299 356
299 342
299 486
299 352
299 354
299 453
300 471
300 467
300 308
300 335
300 477
300 433
300 430
300 445
300 428
300 309
300 326
301 365
301 324
301 423
301 371
301 357
301 456
301 345
301 311
301 313
301 432
301 470
301 454
301 336
302 392
302 481
302 443
302 360
302 369
302 382
302 330
302 410
302 495
302 400
302 466
302 491
302 444
302 408
302 305
303 318
303 436
303 304
303 331
303 480
304 436
304 305
304 484
304 314
304 331
304 405
304 480
304 337
305 330
305 495
305 400
305 466
305 491
305 444
305 408
305 484
305 314
305 331
305 405
306 430
306 445
306 358
306 372
306 472
306 326
306 482
306 310
306 379
306 351
306 398
306 427
306 474
306 363
306 315
306 473
307 407
307 349
307 311
307 487
307 380
307 403
307 327
307 404
307 385
308 390
308 471
308 467
308 335
308 477
308 433
308 309
309 335
309 477
309 433
309 430
309 445
309 428
309 326
309 367
310 430
310 445
310 428
310 358
310 372
310 472
310 326
310 482
310 379
310 351
310 398
310 397
310 427
310 474
311 373
311 423
311 357
311 456
311 349
311 345
311 313
311 403
311 404
312 406
312 457
312 465
312 332
312 343
312 341
312 415
312 449
312 388
312 489
313 365
313 324
313 423
313 371
313 357
313 456
313 394
313 345
313 469
313 432
313 470
313 454
313 336
313 488
313 476
313 338
314 400
314 466
314 491
314 444
314 408
314 484
314 394
314 331
314 405
314 450
314 469
314 480
314 347
315 379
315 351
315 398
315 397
315 427
315 474
315 363
315 455
315 473
315 463
315 414
316 322
316 499
316 494
316 447
316 384
316 438
316 329
316 451
316 368
316 493
316 386
316 376
316 497
316 346
317 496
317 426
317 340
317 440
317 416
317 321
317 452
317 389
318 361
318 458
318 483
318 436
319 463
319 453
319 325
319 350
319 442
319 500
319 395
319 485
319 355
319 425
319 391
319 459
319 373
320 450
320 469
320 470
320 454
320 336
320 347
320 488
320 431
320 476
320 475
320 381
320 420
321 426
321 416
321 359
322 478
322 333
322 370
322 499
322 494
322 417
322 447
322 384
322 438
322 329
322 451
322 368
323 418
323 462
323 328
323 448
323 353
323 387
324 365
324 423
324 371
324 394
324 345
324 469
324 432
324 470
324 454
325 455
325 463
325 414
325 453
325 350
325 442
325 500
325 395
325 485
325 355
326 433
326 430
326 445
326 428
326 358
326 472
326 482
326 379
326 351
326 398
327 487
327 380
327 403
327 404
327 385
327 498
328 418
328 378
328 462
328 448
328 353
328 429
328 387
328 424
328 478
329 333
329 499
329 494
329 447
329 384
329 438
329 451
329 493
329 386
329 376
329 497
329 346
330 392
330 481
330 443
330 360
330 382
330 483
330 410
330 495
330 400
330 466
330 491
330 444
330 408
331 436
331 484
331 405
331 480
331 337
331 439
332 406
332 457
332 465
332 343
332 341
332 460
332 415
332 449
332 388
332 489
333 424
333 377
333 478
333 499
333 494
333 417
333 447
333 384
333 451
334 376
334 346
334 339
334 364
334 361
334 382
334 458
334 483
335 390
335 467
335 477
335 433
336 450
336 469
336 432
336 470
336 454
336 488
336 476
336 338
336 420
337 405
337 480
337 439
337 475
337 381
338 432
338 470
338 454
338 403
338 404
338 476
338 420
338 498
339 493
339 386
339 376
339 497
339 346
339 364
339 361
339 458
340 496
340 426
340 411
340 440
340 416
340 452
340 389
341 406
341 457
341 465
341 343
341 460
341 415
341 449
341 388
341 489
342 435
342 446
342 399
342 397
342 492
342 344
342 486
343 406
343 457
343 465
343 374
343 460
343 479
343 415
343 449
343 388
343 489
344 435
344 446
344 399
344 397
344 492
344 363
344 455
344 486
345 373
345 423
345 357
345 456
345 432
345 470
345 403
345 404
346 451
346 493
346 386
346 376
346 497
346 392
346 364
346 361
347 484
347 394
347 405
347 450
347 469
347 488
347 431
347 476
347 475
347 381
348 452
348 389
348 461
348 366
348 383
348 370
348 402
348 409
348 417
348 464
348 435
348 492
348 356
349 391
349 459
349 373
349 407
349 357
349 456
349 487
349 380
350 486
350 463
350 354
350 453
350 490
350 421
350 442
350 395
350 485
350 355
350 425
351 430
351 445
351 428
351 358
351 372
351 472
351 482
351 379
351 398
351 427
351 474
351 473
352 492
352 356
352 486
352 437
352 354
352 453
352 481
352 490
352 421
352 360
352 395
353 462
353 448
353 429
353 387
353 424
353 478
354 486
354 453
354 481
354 490
354 421
354 360
354 395
354 369
354 425
355 463
355 453
355 442
355 500
355 485
355 391
355 459
355 373
356 366
356 383
356 370
356 402
356 409
356 417
356 464
356 435
356 492
356 384
356 438
356 368
356 437
357 391
357 459
357 373
357 407
357 423
357 456
358 412
358 430
358 445
358 428
358 372
358 472
358 482
358 379
358 398
359 426
359 422
359 416
359 396
359 412
360 437
360 392
360 481
360 490
360 421
360 443
360 369
360 466
361 364
361 458
361 483
361 410
362 367
362 393
362 474
362 473
363 399
363 397
363 427
363 474
363 455
363 473
363 463
363 414
363 442
364 458
364 483
365 491
365 408
365 371
365 394
365 450
365 469
365 432
365 470
365 454
366 452
366 389
366 461
366 383
366 370
366 402
366 409
366 417
366 464
366 435
366 492
367 393
368 370
368 402
368 494
368 417
368 464
368 384
368 438
368 451
368 437
368 497
369 481
369 490
369 421
369 395
369 425
369 466
369 491
370 461
370 383
370 402
370 409
370 494
370 417
370 464
370 384
370 438
371 491
371 444
371 408
371 484
371 394
371 450
371 469
371 432
371 470
371 454
372 430
372 445
372 472
372 482
372 379
372 398
372 399
372 397
373 485
373 391
373 459
373 407
373 423
373 456
374 414
374 500
374 465
374 460
374 479
374 391
374 388
374 459
374 407
375 388
375 489
375 441
375 419
375 487
375 413
375 434
376 447
376 451
376 493
376 386
376 497
376 392
377 387
377 424
377 478
377 499
378 411
378 440
378 448
378 429
379 430
379 445
379 428
379 472
379 482
379 398
379 427
379 474
380 487
380 403
380 404
380 385
380 498
381 405
381 450
381 480
381 431
381 475
382 392
382 443
382 458
382 483
382 410
382 495
382 400
382 466
383 452
383 389
383 461
383 402
383 409
383 464
383 435
383 492
384 402
384 494
384 417
384 464
384 438
384 451
384 437
385 487
385 403
385 404
385 498
386 499
386 494
386 447
386 438
386 451
386 493
386 497
386 392
387 418
387 462
387 448
387 424
387 478
388 465
388 460
388 479
388 415
388 449
388 489
389 440
389 416
389 452
389 461
390 467
390 477
391 442
391 500
391 485
391 479
391 459
391 407
391 423
391 456
392 437
392 497
392 481
392 443
392 410
392 495
394 466
394 491
394 444
394 408
394 484
394 450
394 469
394 432
394 470
394 454
395 453
395 490
395 421
395 485
395 425
396 422
396 471
396 412
396 430
397 446
397 399
397 427
397 455
398 430
398 445
398 428
398 472
398 482
398 427
398 474
398 473
399 446
399 427
399 455
400 443
400 483
400 410
400 495
400 466
400 491
400 444
400 408
400 484
401 419
401 487
401 413
401 434
401 468
402 461
402 409
402 417
402 464
402 435
402 492
402 438
403 404
403 498
404 498
405 444
405 408
405 484
405 450
405 469
405 480
405 431
405 475
406 473
406 457
406 465
406 460
406 479
407 479
407 459
407 456
407 487
408 466
408 491
408 444
408 484
408 450
408 469
409 461
409 417
409 464
409 435
409 492
410 443
410 458
410 483
410 495
410 466
410 436
411 440
411 429
412 422
412 471
412 430
412 445
413 441
413 419
413 487
413 434
414 427
414 474
414 455
414 473
414 463
414 442
414 500
415 457
415 465
415 460
415 449
415 489
415 441
416 496
416 426
416 440
416 452
417 494
417 464
417 438
417 451
418 462
419 441
419 487
419 434
420 432
420 470
420 454
420 488
420 476
421 486
421 453
421 481
421 490
421 425
423 459
423 456
423 432
424 462
424 448
424 478
424 499
425 453
425 490
425 485
426 496
427 474
427 455
427 473
427 463
428 471
428 433
428 430
428 445
428 472
428 482
429 448
429 461
430 471
430 433
430 445
430 472
430 482
431 450
431 469
431 488
431 476
431 475
432 469
432 470
432 454
432 488
432 476
433 471
433 467
433 477
433 445
434 441
434 487
434 468
435 464
435 446
435 492
435 486
436 458
436 483
437 438
437 481
437 490
437 443
438 494
438 464
438 451
439 480
440 496
440 452
441 449
441 489
442 455
442 463
442 453
442 500
442 485
443 497
443 481
443 495
443 466
444 495
444 466
444 491
444 484
445 471
445 472
445 482
446 492
446 455
447 499
447 494
447 451
447 493
448 462
448 478
449 457
449 489
450 484
450 469
450 470
450 454
450 488
450 476
451 499
451 494
451 493
451 497
452 461
453 486
453 463
453 490
453 485
454 469
454 470
454 488
454 476
455 474
455 473
455 463
456 459
457 465
458 483
459 500
459 479
460 500
460 465
460 479
460 489
463 500
464 492
465 479
465 489
466 495
466 491
466 484
467 471
467 477
469 484
469 470
469 488
469 476
470 488
470 476
472 482
473 474
475 480
476 488
478 499
478 494
479 500
479 489
481 490
483 495
484 491
485 500
486 492
486 490
491 495
493 499
493 497
494 499
