500 2950
1 468
1 226
1 396
1 480
1 305
1 201
1 244
1 290
1 202
1 344
1 228
1 374
1 458
2 173
2 343
2 428
2 35
2 72
2 495
2 27
2 34
2 474
2 172
3 251
3 490
3 57
3 17
3 238
4 60
4 13
4 14
4 349
4 270
4 348
4 77
4 407
4 61
4 267
4 496
4 221
5 70
5 338
5 93
5 245
5 321
5 451
5 364
5 181
5 54
5 185
5 124
5 403
6 347
6 441
6 461
6 66
6 83
6 223
6 482
6 275
6 171
6 88
6 387
6 442
6 319
6 369
6 43
6 150
6 197
6 80
7 9
7 50
7 186
7 62
7 39
7 417
7 436
7 177
7 114
7 457
7 56
8 118
8 497
8 41
8 389
8 123
8 409
8 488
8 106
8 298
8 120
9 50
9 167
9 32
9 186
9 424
9 39
9 30
10 240
10 219
10 155
10 231
10 49
10 232
10 411
10 37
10 376
10 101
10 337
10 99
11 435
11 447
11 136
11 217
11 289
11 211
11 18
11 216
11 75
11 481
11 16
11 391
11 410
11 25
11 82
11 234
12 465
12 370
12 15
12 454
12 272
12 336
13 105
13 330
13 357
13 339
13 392
13 166
13 60
13 368
13 349
13 270
13 77
14 280
14 330
14 357
14 159
14 60
14 148
14 270
14 348
14 437
14 61
15 68
15 465
15 370
15 454
16 136
16 289
16 211
16 18
16 75
16 481
16 410
16 82
16 317
16 214
16 234
17 395
17 467
17 251
17 385
17 490
17 57
17 238
18 233
18 122
18 435
18 104
18 100
18 447
18 136
18 217
18 289
18 291
18 216
18 46
18 75
18 481
18 391
18 410
18 25
18 82
19 368
19 345
19 349
19 141
19 77
19 303
19 362
19 206
19 233
19 122
19 435
19 104
19 100
19 447
19 217
20 215
20 148
20 86
20 348
20 297
20 437
20 434
20 278
20 219
20 155
20 248
20 49
20 40
20 367
20 232
21 356
21 429
21 399
21 257
21 53
21 377
21 264
21 52
21 443
21 453
21 320
21 395
21 467
22 341
22 81
22 33
22 466
22 164
22 180
22 500
22 178
22 131
22 326
22 175
22 261
22 226
22 230
23 266
23 199
23 235
23 445
23 208
23 111
23 280
23 330
23 357
23 339
23 60
24 138
24 273
24 446
24 258
24 450
24 96
24 209
24 205
24 229
24 224
24 84
24 253
24 137
25 291
25 216
25 46
25 75
25 481
25 391
25 410
25 82
25 234
25 355
25 48
26 307
26 425
26 316
26 295
26 322
26 112
26 121
26 390
26 456
27 65
27 173
27 343
27 428
27 35
27 64
27 495
27 423
27 474
27 172
27 372
28 388
28 97
28 394
28 102
28 412
28 310
28 207
28 477
28 311
28 397
28 493
28 74
29 292
29 143
29 359
29 432
29 146
29 162
29 400
29 402
29 373
30 473
30 167
30 32
30 312
30 424
30 378
30 165
30 252
30 87
31 416
31 487
31 247
31 386
31 422
31 274
32 473
32 167
32 312
32 424
32 378
32 165
32 252
33 408
33 260
33 204
33 130
33 314
33 281
33 341
33 81
33 466
33 164
33 479
33 180
33 500
33 178
34 428
34 72
34 172
35 249
35 242
35 65
35 173
35 97
35 343
35 428
35 412
35 64
35 477
35 495
35 423
35 474
35 172
35 372
36 366
36 268
36 445
36 156
36 430
36 105
36 318
36 187
36 115
36 392
36 166
36 263
36 47
36 59
37 411
37 376
37 163
37 133
37 401
37 382
38 298
38 120
38 280
38 44
38 361
38 45
38 159
38 323
38 55
38 85
38 398
38 215
38 86
39 50
39 186
39 417
39 436
39 177
39 114
39 457
39 56
40 297
40 437
40 434
40 278
40 219
40 155
40 248
40 49
40 367
40 232
40 325
40 449
40 101
41 135
41 203
41 241
41 315
41 306
41 118
41 497
41 389
41 334
41 123
41 409
41 488
42 325
42 449
42 324
42 154
42 413
42 256
42 249
42 242
43 461
43 66
43 83
43 223
43 482
43 275
43 171
43 88
43 387
43 442
43 369
43 150
43 197
43 80
43 455
44 106
44 298
44 120
44 280
44 361
44 45
44 159
44 323
44 55
44 85
44 398
44 215
45 298
45 120
45 280
45 361
45 159
45 323
45 55
45 85
45 398
45 215
45 148
45 86
46 104
46 100
46 447
46 217
46 371
46 144
46 220
46 291
46 216
46 75
46 391
46 82
47 156
47 105
47 318
47 187
47 115
47 392
47 166
47 263
47 59
47 296
47 117
47 368
47 345
47 349
47 141
47 303
48 410
48 82
48 234
48 355
48 173
48 360
48 428
49 483
49 297
49 350
49 434
49 240
49 219
49 155
49 231
49 232
49 411
49 376
49 101
50 186
50 424
50 436
51 463
51 79
51 125
51 448
51 183
51 300
51 108
51 71
51 70
51 338
51 93
52 342
52 356
52 191
52 429
52 399
52 257
52 53
52 145
52 377
52 264
52 443
52 142
52 380
52 320
52 485
53 356
53 429
53 399
53 257
53 377
53 264
53 443
54 346
54 338
54 245
54 451
54 364
54 184
54 157
54 185
54 124
54 135
54 203
55 298
55 120
55 361
55 159
55 323
55 137
55 85
55 398
55 215
55 86
55 328
55 483
56 417
56 436
56 177
56 114
56 457
56 304
56 213
56 492
56 119
56 418
56 236
56 246
57 453
57 320
57 395
57 467
57 251
57 490
57 238
58 252
58 457
58 87
58 383
58 332
58 218
59 430
59 105
59 318
59 187
59 115
59 392
59 166
59 263
59 296
59 117
59 368
59 345
59 76
59 141
59 303
60 111
60 330
60 357
60 339
60 392
60 368
60 349
60 270
60 77
61 270
61 348
61 77
61 407
61 437
61 267
61 278
61 248
61 496
61 221
61 367
61 371
62 417
62 149
62 436
62 177
62 114
63 236
63 246
63 475
63 179
63 415
63 176
63 441
63 134
63 470
63 275
63 276
63 277
64 249
64 242
64 65
64 97
64 343
64 394
64 102
64 412
64 207
64 477
64 495
64 493
64 423
64 474
64 372
65 249
65 242
65 173
65 97
65 343
65 102
65 412
65 495
66 347
66 441
66 461
66 83
66 223
66 482
66 275
66 171
66 88
66 387
66 442
67 126
67 224
67 84
67 358
67 253
67 162
67 137
67 452
67 439
67 354
67 127
67 161
67 459
67 174
67 333
68 309
68 271
68 469
68 92
68 214
68 465
68 370
69 393
69 188
69 301
69 153
69 321
69 293
69 181
69 182
70 463
70 79
70 125
70 448
70 183
70 300
70 108
70 71
70 393
70 338
70 93
70 245
70 321
70 364
71 79
71 125
71 448
71 183
71 440
71 393
71 188
71 301
71 338
71 93
71 321
71 293
72 360
72 198
72 428
72 494
72 239
73 331
73 133
73 401
73 160
73 89
73 382
73 283
73 351
73 425
73 363
73 322
74 310
74 112
74 121
74 207
74 456
74 311
74 397
74 493
75 447
75 217
75 289
75 291
75 216
75 481
75 391
75 410
75 82
75 234
75 355
76 115
76 433
76 296
76 117
76 285
76 78
76 352
76 141
76 265
76 303
76 362
76 206
76 90
77 368
77 349
77 270
77 407
77 267
77 221
77 104
78 103
78 189
78 340
78 498
78 308
78 433
78 117
78 285
78 352
78 265
78 90
79 463
79 125
79 448
79 183
79 300
79 108
80 171
80 88
80 387
80 442
80 319
80 369
80 150
80 197
80 455
80 103
80 498
80 308
80 113
80 94
81 476
81 269
81 284
81 260
81 499
81 130
81 314
81 281
81 341
81 466
81 164
81 180
81 500
82 216
82 481
82 391
82 410
82 234
82 355
83 347
83 441
83 461
83 134
83 223
83 482
83 275
83 171
83 88
83 387
83 442
83 319
83 369
83 150
84 446
84 258
84 450
84 96
84 209
84 205
84 229
84 126
84 224
84 358
84 253
84 137
84 452
85 361
85 159
85 323
85 398
85 215
85 86
85 328
85 483
85 297
85 350
85 434
86 361
86 159
86 323
86 398
86 215
86 148
86 328
86 483
86 297
86 437
86 350
86 434
86 240
86 219
86 155
87 165
87 153
87 252
87 282
87 406
87 383
87 332
87 218
87 484
88 347
88 441
88 461
88 223
88 482
88 275
88 171
88 387
88 442
88 369
88 150
88 197
89 163
89 142
89 380
89 331
89 133
89 485
89 160
89 382
89 283
89 351
89 385
90 285
90 352
90 265
90 109
90 486
90 255
90 384
90 211
91 386
91 492
91 119
91 274
91 246
91 475
91 179
91 347
91 441
91 461
92 375
92 309
92 271
92 469
92 465
93 125
93 448
93 183
93 300
93 108
93 393
93 188
93 338
93 245
93 321
93 293
93 364
93 181
94 150
94 197
94 455
94 308
94 113
94 243
94 210
94 158
94 279
95 491
95 147
95 250
95 375
95 271
96 138
96 273
96 446
96 258
96 450
96 209
96 229
96 253
97 249
97 242
97 343
97 394
97 102
97 412
97 207
97 477
97 495
97 423
98 184
98 157
98 302
98 227
98 464
98 335
98 478
98 306
98 419
98 497
99 376
99 101
99 337
99 152
99 460
99 200
99 195
99 388
100 267
100 233
100 122
100 435
100 221
100 104
100 447
100 217
100 371
100 144
100 220
100 291
100 216
101 232
101 376
101 337
101 152
101 460
102 388
102 249
102 242
102 394
102 412
102 207
102 477
102 397
102 493
102 423
103 319
103 369
103 254
103 150
103 420
103 405
103 455
103 189
103 340
103 498
103 308
103 113
103 433
104 407
104 267
104 233
104 435
104 221
104 447
104 217
104 371
104 144
104 220
104 291
104 216
105 268
105 445
105 156
105 318
105 187
105 339
105 392
105 166
105 263
105 368
105 345
106 334
106 168
106 123
106 288
106 409
106 488
106 489
106 235
106 208
106 298
106 120
106 280
107 140
107 286
107 287
107 427
107 471
107 139
107 212
107 262
107 288
107 421
107 266
107 199
108 463
108 125
108 448
108 300
108 192
108 346
108 338
108 245
108 451
109 141
109 265
109 362
109 206
109 122
109 435
109 486
109 255
109 384
109 136
109 289
109 211
110 193
110 286
110 237
110 438
110 329
110 139
110 212
110 259
110 470
110 222
110 366
110 268
111 199
111 235
111 208
111 280
111 330
111 357
112 307
112 425
112 316
112 295
112 310
112 121
112 390
112 456
112 311
113 150
113 197
113 455
113 340
113 498
113 308
113 243
113 210
113 158
113 279
114 417
114 436
114 177
114 457
114 304
114 213
114 492
114 119
114 418
115 430
115 462
115 420
115 405
115 318
115 187
115 166
115 263
115 433
115 296
115 117
115 345
116 342
116 191
116 379
116 145
116 163
116 142
116 380
116 331
117 430
117 462
117 420
117 318
117 187
117 189
117 263
117 433
117 296
117 345
117 285
117 352
117 141
117 265
118 185
118 124
118 135
118 403
118 203
118 241
118 315
118 327
118 389
118 334
118 168
118 123
118 288
118 409
118 488
118 489
119 247
119 304
119 386
119 213
119 492
119 418
119 274
119 236
119 246
119 475
119 179
120 208
120 298
120 280
120 361
120 159
120 323
121 316
121 295
121 310
121 456
121 311
122 141
122 303
122 362
122 206
122 233
122 435
122 486
122 447
122 136
122 217
122 289
123 241
123 315
123 327
123 389
123 334
123 168
123 288
123 409
123 488
123 489
123 235
124 364
124 185
124 135
124 403
124 203
124 241
124 315
125 463
125 448
125 183
125 300
125 338
126 446
126 209
126 292
126 143
126 359
126 205
126 229
126 224
126 432
126 146
126 358
126 253
126 162
127 253
127 137
127 452
127 354
127 328
127 483
127 459
127 174
127 333
127 350
128 464
128 335
128 478
128 419
128 138
128 273
128 225
128 446
128 258
128 450
128 209
129 400
129 402
129 373
129 404
129 196
129 342
129 356
129 429
129 399
129 257
130 426
130 476
130 269
130 284
130 260
130 499
130 314
130 281
130 341
130 466
130 164
130 180
131 341
131 466
131 180
131 326
131 175
131 468
131 226
131 396
132 299
132 473
132 167
132 312
132 440
132 378
132 165
132 188
132 301
132 153
133 163
133 142
133 331
133 401
133 160
133 382
133 283
134 475
134 179
134 415
134 176
134 441
134 275
134 171
134 276
134 277
134 319
134 254
135 364
135 184
135 157
135 185
135 302
135 227
135 203
135 241
135 315
135 306
135 497
135 389
136 362
136 206
136 233
136 435
136 486
136 255
136 289
136 211
136 481
137 209
137 229
137 361
137 253
137 323
137 452
137 354
137 328
137 174
138 335
138 478
138 419
138 273
138 225
138 446
138 258
138 450
138 209
139 484
139 193
139 286
139 237
139 438
139 427
139 471
139 212
139 262
139 421
139 222
139 266
140 182
140 403
140 287
140 427
140 327
140 471
140 168
140 262
140 288
141 296
141 345
141 285
141 265
141 303
141 362
141 206
141 233
141 435
142 145
142 163
142 380
142 331
142 485
142 160
142 283
142 351
143 353
143 292
143 359
143 205
143 224
143 432
143 146
143 358
143 162
144 267
144 496
144 221
144 447
144 217
144 371
144 220
144 291
144 216
144 324
144 391
145 196
145 342
145 191
145 379
145 399
145 257
145 264
145 163
145 380
145 331
146 292
146 359
146 205
146 224
146 432
146 358
146 162
147 158
147 279
147 491
147 250
147 375
148 159
148 398
148 215
148 348
148 297
148 437
148 278
149 472
149 417
149 416
149 487
149 247
150 223
150 482
150 275
150 171
150 387
150 442
150 319
150 369
150 197
150 455
150 308
151 272
151 239
151 336
151 431
152 449
152 376
152 337
152 154
152 413
152 256
152 460
152 195
152 388
153 312
153 440
153 378
153 165
153 393
153 188
153 301
153 321
153 293
153 282
153 406
154 325
154 449
154 324
154 413
154 256
154 388
155 483
155 297
155 437
155 350
155 434
155 278
155 240
155 219
155 248
155 231
155 232
156 222
156 266
156 268
156 445
156 318
156 187
156 339
156 392
156 166
156 263
157 381
157 261
157 184
157 302
157 227
157 478
157 306
158 308
158 243
158 210
158 279
158 491
158 250
159 208
159 298
159 280
159 361
159 398
159 215
160 163
160 380
160 331
160 485
160 283
160 351
160 385
161 162
161 452
161 439
161 354
161 459
161 174
161 333
161 196
161 342
161 191
161 379
162 292
162 359
162 205
162 224
162 432
162 358
162 439
163 379
163 380
163 331
163 401
163 382
163 283
164 314
164 281
164 341
164 466
164 479
164 180
164 500
164 178
164 381
164 175
164 261
165 299
165 473
165 167
165 312
165 424
165 440
165 378
165 301
165 252
166 318
166 187
166 339
166 392
166 263
166 296
166 368
166 345
166 349
167 473
167 312
167 424
167 378
167 252
168 403
168 241
168 315
168 287
168 327
168 471
168 389
168 334
168 288
168 488
168 489
168 235
169 414
169 365
169 204
169 444
169 300
169 313
169 192
169 346
170 370
170 360
170 198
170 454
170 494
170 239
170 431
171 347
171 441
171 461
171 223
171 482
171 275
171 387
171 442
171 319
171 369
171 254
172 343
172 428
172 495
172 474
173 355
173 343
173 428
174 452
174 439
174 354
174 328
174 459
174 333
174 350
175 466
175 180
175 500
175 178
175 326
175 261
175 226
175 230
175 305
175 201
176 418
176 236
176 246
176 475
176 179
176 415
176 329
176 470
176 276
177 186
177 417
177 436
177 304
178 281
178 313
178 466
178 479
178 190
178 180
178 500
178 381
178 261
178 230
179 304
179 213
179 492
179 418
179 236
179 246
179 475
179 415
179 441
180 314
180 281
180 341
180 466
180 500
180 326
180 261
180 226
180 230
181 393
181 188
181 301
181 321
181 293
181 182
181 403
182 293
182 282
182 406
182 484
182 286
182 427
183 463
183 299
183 448
183 440
183 393
183 188
183 301
183 321
184 479
184 190
184 381
184 451
184 261
184 302
184 227
185 451
185 364
185 403
185 203
185 241
185 315
186 417
186 436
187 430
187 462
187 420
187 318
187 263
187 296
187 345
188 299
188 440
188 378
188 393
188 301
188 321
188 293
189 254
189 462
189 420
189 405
189 455
189 340
189 498
189 308
189 433
189 285
189 352
190 204
190 444
190 313
190 192
190 346
190 479
190 500
190 381
190 451
190 261
191 333
191 196
191 342
191 379
191 399
191 257
192 365
192 204
192 444
192 300
192 313
192 346
192 479
192 245
192 381
192 451
193 406
193 383
193 332
193 218
193 484
193 286
193 237
193 438
193 329
193 427
193 212
193 259
194 351
194 385
194 363
194 294
195 337
195 460
195 200
195 388
195 307
195 425
195 316
195 295
195 310
196 439
196 373
196 459
196 333
196 342
196 356
196 379
196 399
196 257
197 482
197 387
197 442
197 369
197 455
198 370
198 360
198 494
198 239
199 471
199 262
199 288
199 421
199 266
199 235
199 445
199 208
199 330
200 337
200 401
200 460
200 307
200 425
200 316
200 295
200 310
201 326
201 226
201 230
201 396
201 480
201 305
201 244
201 290
201 202
201 344
201 228
201 464
201 419
202 396
202 480
202 305
202 244
202 290
202 344
202 228
202 464
202 419
202 374
202 458
203 403
203 241
203 315
203 306
203 497
203 389
204 408
204 260
204 414
204 365
204 281
204 444
204 313
204 479
205 225
205 446
205 450
205 209
205 359
205 229
205 224
205 432
205 358
205 253
206 265
206 303
206 362
206 233
206 435
206 486
206 289
207 394
207 412
207 477
207 311
207 397
207 493
207 423
207 372
208 288
208 489
208 235
208 280
208 330
208 357
209 273
209 225
209 446
209 258
209 450
209 229
209 224
209 358
209 253
210 308
210 243
210 279
210 491
211 486
211 255
211 384
211 289
211 309
211 481
212 484
212 286
212 237
212 438
212 427
212 259
212 262
212 421
212 222
212 266
212 268
213 457
213 304
213 492
213 418
213 236
213 246
213 475
213 415
214 481
214 410
214 317
215 361
215 323
215 398
215 348
215 483
215 297
215 437
215 434
216 435
216 447
216 217
216 289
216 291
216 481
216 391
216 410
216 234
217 233
217 435
217 447
217 289
217 220
217 291
217 391
218 252
218 282
218 406
218 383
218 332
218 484
218 286
218 237
218 438
219 483
219 297
219 437
219 350
219 434
219 240
219 231
219 232
220 496
220 221
220 371
220 291
220 324
220 391
221 407
221 267
221 496
221 367
221 371
221 291
221 324
222 286
222 237
222 438
222 259
222 262
222 421
222 266
222 268
222 445
223 347
223 441
223 461
223 482
223 275
223 387
223 442
223 319
223 369
224 446
224 450
224 359
224 229
224 432
224 358
224 253
224 452
225 419
225 458
225 273
225 446
225 258
225 450
226 466
226 326
226 468
226 396
226 480
226 305
226 244
227 302
227 335
227 478
227 306
227 497
228 230
228 305
228 290
228 344
228 464
228 335
228 419
228 374
228 458
229 446
229 258
229 450
229 358
229 253
229 452
230 500
230 261
230 305
230 290
230 464
230 335
231 328
231 483
231 350
231 434
231 240
231 411
231 376
232 437
232 278
232 248
232 367
232 325
232 449
233 303
233 362
233 435
233 447
233 289
234 481
234 391
234 410
234 317
234 355
235 334
235 288
235 488
235 489
235 280
235 330
236 304
236 492
236 418
236 246
236 475
236 415
237 484
237 286
237 438
237 329
237 427
237 259
237 421
238 251
238 490
239 360
239 494
239 431
240 328
240 483
240 297
240 350
240 434
240 411
241 403
241 315
241 287
241 327
241 389
241 334
242 249
242 343
242 394
242 412
242 477
242 495
243 455
243 498
243 308
243 279
243 491
244 468
244 396
244 480
244 305
244 344
245 448
245 300
245 346
245 338
245 451
245 364
246 304
246 492
246 418
246 475
246 415
247 472
247 416
247 487
247 386
247 422
247 274
248 348
248 437
248 278
248 496
248 367
248 325
248 449
249 413
249 256
249 343
249 412
250 279
250 491
250 375
251 453
251 320
251 395
251 467
251 490
252 312
252 424
252 378
252 282
252 406
252 383
252 332
253 450
253 358
253 452
253 354
254 275
254 276
254 387
254 277
254 319
254 369
254 462
254 420
254 405
254 455
254 340
254 498
255 265
255 486
255 384
255 309
256 449
256 324
256 413
256 388
257 342
257 356
257 429
257 399
257 377
257 264
258 273
258 446
258 450
259 438
259 329
259 470
259 366
259 268
260 476
260 408
260 414
260 365
260 314
260 281
260 444
261 479
261 500
261 381
262 286
262 287
262 427
262 471
262 421
262 266
263 430
263 318
263 392
263 296
263 368
263 345
264 356
264 429
264 399
264 377
264 443
264 453
264 320
264 485
265 433
265 296
265 285
265 352
265 362
265 486
266 427
266 421
266 268
266 445
267 349
267 270
267 407
267 496
267 371
268 470
268 421
268 366
268 445
268 318
269 426
269 476
269 284
269 499
269 314
269 341
270 357
270 339
270 368
270 349
270 348
270 407
271 384
271 375
271 309
271 469
272 454
272 336
272 431
273 335
273 478
273 497
273 446
273 450
274 386
274 422
274 347
275 347
275 441
275 461
275 276
275 387
275 319
275 369
276 470
276 366
276 277
276 319
276 462
276 420
276 405
277 470
277 366
277 430
277 462
277 420
277 405
278 348
278 297
278 437
278 496
278 367
278 325
279 491
280 330
280 357
281 408
281 414
281 365
281 314
281 444
281 341
281 466
281 479
281 500
282 406
282 383
282 484
283 380
283 331
283 401
283 382
283 351
283 425
283 363
283 322
284 426
284 476
284 499
284 314
284 341
285 340
285 498
285 433
285 296
285 352
286 484
286 438
286 427
286 471
286 421
287 403
287 427
287 327
287 471
287 334
287 288
287 489
288 327
288 471
288 334
288 488
288 489
289 362
289 435
289 486
289 447
289 481
289 410
290 305
290 344
290 464
290 335
290 478
290 419
290 458
291 447
291 371
291 391
292 353
292 359
292 432
293 440
293 393
293 301
293 321
294 385
294 363
295 460
295 307
295 425
295 316
295 310
295 456
296 430
296 462
296 318
296 433
296 345
296 303
297 398
297 348
297 483
297 437
297 350
297 434
298 361
298 323
299 473
299 312
299 440
299 378
299 301
300 463
300 448
300 313
300 346
300 338
300 451
301 440
301 378
301 393
301 321
302 335
302 478
302 306
302 497
303 345
303 362
303 435
303 447
304 436
304 457
304 492
304 418
304 475
305 326
305 468
305 396
305 480
305 344
305 464
306 315
306 478
306 497
306 389
306 409
307 401
307 382
307 460
307 425
307 316
307 322
308 405
308 455
308 340
308 498
308 433
309 384
309 375
309 469
310 316
310 456
310 311
310 397
311 394
311 456
311 397
311 493
312 473
312 424
312 378
313 414
313 365
313 444
313 346
313 479
313 381
313 451
314 426
314 476
314 408
314 499
314 341
314 466
315 403
315 327
315 497
315 389
315 334
315 409
315 488
316 460
316 425
316 322
316 390
316 456
317 481
317 410
318 430
318 462
318 392
318 345
319 441
319 387
319 369
319 420
319 405
319 455
320 377
320 443
320 453
320 485
320 395
320 467
320 490
321 440
321 393
322 425
322 363
322 390
323 361
323 398
323 328
323 483
324 496
324 367
324 371
324 325
324 449
324 413
325 496
325 367
325 371
325 449
325 413
326 466
326 468
326 396
326 480
327 403
327 471
327 389
327 334
327 488
327 489
328 452
328 398
328 354
328 483
328 350
328 434
329 415
329 438
329 470
329 366
330 357
330 339
331 380
331 485
331 351
331 385
332 457
332 406
332 383
333 452
333 439
333 354
333 459
333 342
333 379
334 403
334 389
334 409
334 488
334 489
335 464
335 478
335 419
336 454
337 376
337 460
338 448
338 346
338 451
338 364
339 445
339 357
339 392
339 368
339 349
340 462
340 420
340 405
340 455
340 498
340 433
340 352
341 426
341 476
341 499
341 466
342 439
342 373
342 356
342 379
342 399
343 428
343 495
343 474
344 396
344 480
344 464
344 419
344 374
344 458
345 392
345 368
345 349
345 362
346 444
346 479
346 381
346 451
347 441
347 461
347 482
347 387
348 437
349 392
349 368
349 407
350 483
350 434
350 411
351 380
351 485
351 385
351 363
352 498
352 433
353 374
353 458
354 452
354 439
354 459
355 481
355 391
355 410
355 428
356 373
356 404
356 429
356 399
356 377
358 359
358 432
358 452
358 439
359 432
360 494
361 398
362 435
362 486
362 447
363 385
364 451
365 408
365 414
365 444
366 470
366 430
367 437
367 496
367 371
367 449
368 392
369 441
369 461
369 387
369 442
369 455
370 465
370 454
371 496
371 449
372 412
372 477
372 495
372 493
372 423
372 474
373 400
373 402
373 404
374 419
374 458
375 491
375 469
376 411
376 460
377 429
377 399
377 443
377 453
378 473
378 440
379 459
380 485
380 385
381 444
381 479
381 500
382 401
382 425
383 457
383 406
383 484
384 486
385 485
385 467
386 487
386 422
387 441
387 461
387 482
387 442
387 455
388 413
388 460
388 394
389 497
389 409
389 488
389 489
390 425
392 445
393 440
394 412
394 477
394 397
394 493
395 443
395 453
395 467
395 490
396 468
396 480
397 412
397 477
397 493
398 483
398 434
399 404
399 429
400 402
400 404
401 425
402 404
404 429
405 430
405 462
405 420
405 498
405 433
406 484
407 496
408 476
408 414
409 497
409 488
410 481
412 477
412 495
412 493
412 423
413 449
414 444
415 492
415 418
415 475
415 470
416 472
416 487
417 436
418 457
418 492
418 475
419 464
419 478
419 458
420 430
420 462
420 498
420 433
421 427
421 471
421 445
422 487
423 477
423 495
423 493
423 474
424 473
426 476
426 499
427 484
427 471
429 443
430 462
431 494
433 462
433 498
434 483
435 447
436 457
437 496
438 484
439 452
439 459
441 461
442 461
442 482
443 453
443 467
444 479
446 450
448 463
449 496
452 459
453 485
453 467
453 490
454 465
455 498
457 492
458 464
461 482
464 478
466 500
467 485
467 490
468 480
472 487
474 495
475 492
476 499
477 495
477 493
478 497
479 500
488 489
