500 12809
1 20
1 188
1 157
1 228
1 474
1 41
1 417
1 117
1 268
1 400
1 398
1 125
1 142
1 42
1 333
1 32
1 180
1 158
1 293
1 309
1 5
1 459
1 311
1 13
1 128
1 30
1 447
1 121
1 331
1 484
1 43
1 286
1 155
1 215
1 436
1 278
1 249
1 18
1 251
1 300
1 496
1 184
1 72
2 14
2 74
2 240
2 217
2 353
2 321
2 433
2 15
2 202
2 111
2 500
2 182
2 384
2 118
2 36
2 68
2 389
2 203
2 402
2 45
2 388
2 192
2 481
2 197
2 168
2 229
2 29
2 254
2 62
2 307
2 100
2 104
2 105
2 477
2 70
2 460
2 350
2 136
2 144
2 77
2 258
2 329
2 274
2 34
2 59
2 480
2 109
2 464
2 243
2 356
2 108
2 116
3 71
3 61
3 444
3 194
3 80
3 392
3 38
3 264
3 234
3 183
3 386
3 84
3 22
3 318
3 434
3 252
3 149
3 498
3 95
3 290
3 135
3 138
3 235
3 427
3 51
3 154
3 482
3 283
3 141
3 379
3 360
3 26
3 85
3 281
3 458
3 370
3 419
3 143
3 285
3 269
3 20
3 416
3 188
3 157
3 473
3 371
3 228
3 453
3 474
3 41
3 210
3 440
3 417
3 117
3 398
3 401
3 17
3 222
3 125
3 333
3 462
3 158
4 78
4 429
4 357
4 401
4 265
4 222
4 270
4 126
4 44
4 462
4 207
4 344
4 164
4 140
4 248
4 494
4 284
4 134
4 352
4 326
4 67
4 245
4 31
4 376
4 491
4 485
4 9
4 86
4 341
4 387
4 55
4 306
4 253
4 120
4 437
4 161
4 64
4 79
4 8
4 425
4 299
4 97
4 292
4 181
4 173
4 193
4 40
4 47
4 81
4 449
4 372
4 492
4 435
4 483
4 368
4 363
4 489
5 188
5 157
5 228
5 474
5 41
5 417
5 117
5 268
5 400
5 398
5 125
5 142
5 42
5 333
5 32
5 180
5 158
5 293
5 459
5 311
5 13
5 128
5 30
5 447
5 331
5 484
5 43
5 286
5 155
5 215
5 436
5 278
5 249
5 18
5 251
5 300
5 496
5 184
6 129
6 422
6 493
6 410
6 380
6 420
6 130
6 56
6 48
6 288
6 233
6 76
6 330
6 224
6 351
6 334
6 214
6 28
6 383
6 320
6 325
6 237
6 82
6 24
6 418
6 93
6 101
6 33
6 225
6 170
6 476
6 98
6 147
6 396
6 73
6 413
6 244
6 468
6 10
7 300
7 241
7 69
7 81
7 216
7 368
7 72
7 196
7 119
7 305
7 242
7 83
7 260
7 146
7 162
7 223
7 27
7 374
7 441
7 424
7 230
7 219
7 310
7 267
7 294
7 238
7 345
7 167
7 220
7 467
7 373
7 11
7 319
7 486
7 432
7 382
7 327
7 439
7 91
7 359
7 227
7 106
7 209
7 263
7 89
7 88
7 317
7 187
7 313
7 297
7 60
7 177
7 446
7 448
7 12
7 186
7 206
7 102
7 430
7 266
7 471
7 339
7 291
7 92
7 404
7 456
7 159
7 276
7 315
7 191
7 148
8 126
8 44
8 207
8 344
8 164
8 140
8 248
8 494
8 284
8 134
8 352
8 326
8 67
8 245
8 31
8 376
8 491
8 485
8 9
8 86
8 341
8 387
8 55
8 306
8 253
8 120
8 437
8 161
8 64
8 79
8 425
8 299
8 97
8 292
8 181
8 173
8 193
8 40
8 47
8 81
8 449
8 372
8 492
8 435
8 483
8 368
8 363
8 407
8 489
8 123
8 411
8 131
8 390
8 231
8 223
8 364
9 50
9 429
9 357
9 282
9 265
9 270
9 126
9 44
9 207
9 344
9 164
9 140
9 248
9 494
9 246
9 233
9 284
9 134
9 352
9 326
9 67
9 334
9 245
9 31
9 376
9 491
9 485
9 320
9 341
9 387
9 55
9 253
9 437
9 161
9 64
9 79
9 425
9 225
9 97
9 292
9 181
9 173
9 193
9 40
9 47
9 369
9 372
9 435
9 483
9 58
9 363
9 407
9 361
9 489
9 123
10 383
10 82
10 24
10 418
10 93
10 101
10 33
10 170
10 98
10 147
10 396
10 73
10 413
10 244
10 450
10 394
10 443
10 289
10 362
10 175
10 337
10 262
10 397
10 205
10 277
10 408
11 299
11 181
11 173
11 47
11 241
11 69
11 81
11 449
11 372
11 216
11 492
11 435
11 368
11 119
11 305
11 242
11 489
11 83
11 260
11 146
11 131
11 162
11 223
11 374
11 441
11 230
11 219
11 267
11 294
11 238
11 298
11 94
11 190
11 345
11 167
11 220
11 467
11 338
11 486
11 349
11 327
11 91
11 359
11 227
11 263
11 89
11 88
11 179
11 172
11 313
11 297
11 165
11 177
11 446
11 448
11 12
11 186
11 35
11 206
11 430
11 266
11 291
11 92
11 456
11 159
11 276
11 150
11 191
11 169
12 83
12 260
12 146
12 162
12 374
12 441
12 230
12 219
12 267
12 294
12 238
12 345
12 167
12 220
12 467
12 338
12 486
12 327
12 91
12 359
12 227
12 209
12 263
12 89
12 88
12 179
12 317
12 187
12 172
12 313
12 297
12 165
12 177
12 446
12 448
12 186
12 35
12 206
12 102
12 430
12 266
12 471
12 339
12 291
12 92
12 404
12 456
12 159
12 276
12 150
12 208
12 315
12 191
12 273
12 169
12 57
12 185
12 148
12 113
12 176
12 395
12 114
13 228
13 474
13 417
13 117
13 268
13 400
13 398
13 125
13 142
13 42
13 333
13 32
13 180
13 158
13 293
13 459
13 311
13 128
13 30
13 447
13 331
13 484
13 43
13 286
13 155
13 215
13 436
13 278
13 249
13 18
13 251
13 300
13 496
13 184
13 72
13 196
13 199
14 490
14 499
14 201
14 74
14 240
14 217
14 353
14 433
14 15
14 377
14 202
14 111
14 500
14 384
14 218
14 118
14 36
14 68
14 255
14 389
14 203
14 402
14 45
14 127
14 469
14 192
14 481
14 29
14 212
14 62
14 307
14 100
14 104
14 105
14 460
15 399
15 391
15 490
15 499
15 201
15 217
15 433
15 412
15 377
15 202
15 111
15 384
15 218
15 118
15 36
15 68
15 103
15 255
15 389
15 203
15 402
15 127
15 469
15 192
15 481
15 366
15 29
15 99
15 212
15 62
15 307
15 100
15 460
15 414
15 136
16 145
16 450
16 394
16 443
16 289
16 53
16 362
16 175
16 337
16 262
16 397
16 110
16 96
16 205
16 153
16 277
16 408
16 403
16 152
16 470
16 171
16 112
16 213
16 316
16 198
16 133
16 139
16 478
16 409
16 312
16 302
16 239
16 465
16 455
16 257
16 322
16 367
16 488
16 426
16 385
17 498
17 235
17 427
17 51
17 141
17 26
17 85
17 281
17 370
17 143
17 285
17 269
17 20
17 416
17 188
17 157
17 473
17 371
17 453
17 41
17 78
17 210
17 440
17 417
17 429
17 398
17 401
17 222
17 125
17 42
17 126
17 44
17 333
17 462
17 180
17 158
17 207
17 344
17 309
17 494
17 284
17 245
17 128
17 376
17 491
17 485
17 30
17 447
17 121
17 86
17 341
17 306
17 120
17 437
17 161
17 64
18 42
18 32
18 180
18 293
18 459
18 311
18 128
18 30
18 331
18 484
18 43
18 286
18 155
18 215
18 436
18 278
18 249
18 251
18 300
18 496
18 184
18 72
18 124
18 196
18 199
18 119
18 305
18 75
18 256
18 162
18 323
18 261
18 27
18 275
18 424
18 415
18 310
18 373
18 319
19 271
19 431
19 375
19 472
19 342
19 107
19 200
19 71
19 61
19 445
19 80
19 392
19 38
19 301
19 355
19 365
19 381
19 495
19 386
19 87
19 295
19 290
20 392
20 38
20 386
20 84
20 295
20 434
20 149
20 498
20 290
20 135
20 138
20 235
20 427
20 154
20 482
20 283
20 379
20 360
20 26
20 204
20 85
20 458
20 370
20 406
20 419
20 143
20 285
20 269
20 188
20 157
20 473
20 371
20 228
20 453
20 474
20 41
20 440
20 417
20 117
20 268
20 400
20 398
20 222
20 125
20 42
20 333
20 462
20 32
20 180
20 158
21 111
21 384
21 218
21 118
21 36
21 68
21 255
21 203
21 127
21 469
21 192
21 481
21 366
21 29
21 99
21 212
21 62
21 307
21 100
21 104
21 105
21 460
21 414
21 136
21 174
21 258
21 274
21 59
21 480
21 109
21 356
21 438
21 497
21 108
21 335
21 247
21 78
21 66
21 50
21 137
21 156
21 475
21 429
21 357
21 282
21 393
21 25
21 265
21 421
21 270
21 44
21 164
21 140
21 248
22 375
22 324
22 399
22 391
22 472
22 107
22 226
22 71
22 61
22 412
22 444
22 194
22 445
22 80
22 392
22 38
22 264
22 234
22 183
22 386
22 103
22 84
22 318
22 434
22 252
22 149
22 498
22 95
22 138
22 235
22 427
22 51
22 154
22 482
22 283
22 141
22 26
22 85
22 281
22 370
22 143
22 285
22 269
22 416
22 473
22 371
22 453
23 225
23 292
23 476
23 98
23 369
23 483
23 58
23 363
23 407
23 361
23 396
23 73
23 461
23 63
23 413
23 244
23 336
23 221
23 468
23 489
23 280
23 123
23 411
23 479
23 390
23 52
23 231
23 328
23 122
23 463
23 296
23 145
23 450
23 364
23 394
23 190
23 250
23 308
23 53
23 151
23 451
23 349
23 110
23 378
23 442
23 96
23 205
23 454
23 65
23 153
23 487
23 403
23 189
23 152
23 160
23 470
23 340
23 112
23 211
23 259
23 423
23 139
23 163
24 129
24 422
24 25
24 493
24 410
24 380
24 421
24 420
24 130
24 56
24 48
24 288
24 246
24 233
24 76
24 330
24 224
24 351
24 334
24 214
24 28
24 383
24 320
24 325
24 237
24 82
24 418
24 93
24 101
24 33
24 225
24 170
24 476
24 98
24 369
24 147
24 396
24 73
24 461
24 63
24 413
24 244
24 221
24 468
25 307
25 100
25 104
25 105
25 350
25 136
25 144
25 258
25 274
25 34
25 59
25 480
25 109
25 464
25 243
25 356
25 497
25 108
25 428
25 116
25 303
25 247
25 166
25 66
25 50
25 137
25 156
25 354
25 279
25 475
25 282
25 129
25 422
25 393
25 493
25 265
25 410
25 421
25 270
25 420
25 130
25 56
25 48
25 140
25 288
25 246
25 233
25 76
25 330
25 326
25 351
25 334
25 214
25 28
25 320
25 325
25 237
25 82
25 418
25 93
26 71
26 61
26 444
26 194
26 80
26 392
26 38
26 264
26 234
26 183
26 386
26 84
26 318
26 434
26 252
26 149
26 498
26 95
26 290
26 135
26 138
26 235
26 427
26 51
26 154
26 482
26 283
26 141
26 379
26 360
26 85
26 281
26 458
26 370
26 419
26 143
26 285
26 269
26 416
26 188
26 157
26 473
26 371
26 228
26 453
26 474
26 41
26 210
26 440
26 417
26 117
26 398
26 401
26 222
26 125
26 333
26 462
26 158
27 484
27 43
27 155
27 436
27 278
27 249
27 251
27 496
27 184
27 72
27 124
27 196
27 199
27 119
27 305
27 242
27 75
27 83
27 256
27 162
27 323
27 261
27 374
27 275
27 424
27 230
27 415
27 310
27 267
27 345
27 167
27 373
27 319
27 432
27 37
27 466
27 382
27 439
27 91
27 314
27 106
27 209
27 263
27 54
27 317
27 187
27 178
27 115
27 60
27 177
27 446
27 236
27 405
27 102
27 287
27 232
27 471
27 339
27 404
28 166
28 137
28 156
28 354
28 279
28 475
28 129
28 422
28 393
28 493
28 410
28 380
28 421
28 420
28 130
28 56
28 48
28 288
28 246
28 233
28 76
28 330
28 224
28 351
28 334
28 214
28 383
28 320
28 325
28 237
28 82
28 253
28 418
28 93
28 101
28 33
28 225
28 170
28 476
28 98
28 369
28 147
28 396
28 73
28 413
28 244
28 468
29 499
29 201
29 217
29 433
29 377
29 202
29 111
29 500
29 384
29 218
29 118
29 36
29 68
29 255
29 389
29 203
29 402
29 45
29 127
29 469
29 192
29 481
29 197
29 366
29 99
29 212
29 62
29 307
29 100
29 104
29 105
29 460
29 414
29 136
29 144
29 174
29 258
29 274
29 59
29 480
29 109
29 356
29 438
29 497
29 108
29 335
29 247
29 66
29 50
29 137
29 156
30 440
30 417
30 117
30 400
30 398
30 222
30 125
30 42
30 333
30 462
30 32
30 180
30 158
30 293
30 309
30 494
30 128
30 376
30 447
30 121
30 86
30 341
30 306
30 120
30 437
30 484
30 43
30 286
30 215
30 278
30 249
30 299
30 251
30 300
30 181
30 173
30 47
30 241
30 69
30 81
30 449
30 216
30 368
30 72
30 119
30 305
30 242
30 83
31 78
31 50
31 429
31 357
31 282
31 401
31 265
31 270
31 126
31 44
31 207
31 344
31 164
31 140
31 248
31 494
31 246
31 284
31 134
31 352
31 326
31 67
31 245
31 376
31 491
31 485
31 341
31 387
31 55
31 306
31 253
31 437
31 161
31 64
31 79
31 425
31 299
31 97
31 292
31 181
31 173
31 193
31 40
31 47
31 372
31 492
31 435
31 483
31 363
31 407
31 489
32 379
32 360
32 458
32 406
32 419
32 188
32 157
32 473
32 228
32 474
32 41
32 417
32 117
32 268
32 400
32 398
32 125
32 142
32 42
32 333
32 180
32 158
32 293
32 309
32 459
32 311
32 128
32 447
32 331
32 484
32 43
32 286
32 155
32 215
32 436
32 278
32 249
32 251
32 496
33 493
33 410
33 420
33 130
33 56
33 48
33 288
33 246
33 233
33 76
33 330
33 224
33 351
33 334
33 214
33 383
33 320
33 325
33 237
33 82
33 418
33 93
33 101
33 225
33 170
33 476
33 98
33 369
33 147
33 58
33 396
33 73
33 461
33 63
33 413
33 244
33 336
33 221
33 468
33 52
33 463
33 145
33 450
33 394
34 500
34 182
34 389
34 402
34 45
34 388
34 481
34 197
34 168
34 229
34 254
34 307
34 100
34 104
34 105
34 477
34 70
34 350
34 144
34 77
34 346
34 258
34 329
34 274
34 480
34 109
34 464
34 243
34 356
34 108
34 428
34 116
34 303
34 166
34 66
34 137
34 156
34 354
34 279
34 475
34 129
34 422
34 493
34 410
34 380
34 130
34 48
35 131
35 223
35 441
35 219
35 364
35 294
35 238
35 298
35 94
35 190
35 220
35 467
35 338
35 486
35 451
35 349
35 327
35 359
35 378
35 227
35 454
35 487
35 89
35 88
35 179
35 189
35 160
35 172
35 313
35 297
35 165
35 186
35 340
35 206
35 272
35 430
35 266
35 259
35 423
35 291
35 92
35 348
35 159
35 150
35 208
35 358
35 332
35 191
35 169
35 347
35 457
35 176
35 395
35 114
35 46
36 490
36 499
36 201
36 217
36 433
36 412
36 377
36 202
36 111
36 500
36 384
36 218
36 118
36 68
36 103
36 255
36 389
36 203
36 402
36 45
36 127
36 469
36 192
36 481
36 197
36 366
36 99
36 212
36 62
36 307
36 100
36 104
36 105
36 460
36 414
36 136
36 174
36 258
36 274
36 59
36 480
36 438
36 497
36 108
36 335
36 247
37 184
37 124
37 196
37 199
37 75
37 256
37 323
37 261
37 275
37 424
37 415
37 310
37 373
37 319
37 432
37 466
37 382
37 439
37 91
37 314
37 106
37 209
37 263
37 54
37 317
37 187
37 178
37 115
37 60
37 177
37 236
37 405
37 102
37 287
37 232
37 471
37 339
37 404
37 304
37 452
38 431
38 375
38 324
38 472
38 342
38 107
38 200
38 226
38 71
38 61
38 444
38 194
38 445
38 80
38 392
38 264
38 301
38 355
38 234
38 183
38 365
38 495
38 386
38 84
38 318
38 295
38 434
38 149
38 498
38 290
38 135
38 138
38 235
38 427
38 154
38 482
38 283
38 379
38 360
38 85
38 370
38 143
39 439
39 91
39 106
39 209
39 263
39 54
39 317
39 187
39 178
39 115
39 60
39 177
39 446
39 448
39 236
39 405
39 102
39 430
39 287
39 232
39 471
39 339
39 404
39 456
39 159
39 276
39 304
39 452
39 315
39 191
39 273
39 57
39 185
39 148
39 113
40 44
40 207
40 344
40 164
40 248
40 494
40 284
40 134
40 352
40 326
40 67
40 245
40 376
40 491
40 485
40 341
40 387
40 55
40 306
40 253
40 120
40 437
40 161
40 64
40 79
40 425
40 299
40 97
40 292
40 181
40 173
40 193
40 47
40 81
40 449
40 372
40 492
40 435
40 483
40 58
40 368
40 363
40 407
40 361
40 489
40 123
40 411
40 479
40 131
40 390
40 231
40 223
40 441
40 219
40 364
40 294
40 238
40 298
40 94
40 190
40 338
41 386
41 84
41 434
41 149
41 498
41 290
41 135
41 138
41 235
41 427
41 154
41 482
41 283
41 379
41 360
41 85
41 458
41 370
41 406
41 419
41 143
41 285
41 269
41 416
41 188
41 157
41 473
41 371
41 228
41 453
41 474
41 440
41 417
41 117
41 268
41 400
41 398
41 222
41 125
41 42
41 333
41 462
41 180
41 158
41 293
41 309
41 128
42 154
42 482
42 283
42 379
42 360
42 85
42 458
42 370
42 406
42 419
42 143
42 188
42 157
42 473
42 228
42 474
42 417
42 117
42 268
42 400
42 398
42 125
42 142
42 333
42 462
42 180
42 158
42 293
42 309
42 459
42 311
42 128
42 447
42 121
42 331
42 484
42 43
42 286
42 215
42 278
42 249
42 251
43 117
43 268
43 400
43 398
43 125
43 142
43 333
43 180
43 158
43 293
43 309
43 459
43 311
43 128
43 447
43 121
43 86
43 331
43 484
43 286
43 155
43 215
43 436
43 278
43 249
43 251
43 300
43 496
43 184
43 241
43 69
43 216
43 72
43 124
43 196
43 199
43 119
43 305
43 242
43 75
43 83
44 174
44 281
44 438
44 497
44 416
44 335
44 453
44 247
44 78
44 210
44 50
44 440
44 429
44 357
44 282
44 401
44 265
44 222
44 270
44 126
44 207
44 344
44 164
44 140
44 248
44 494
44 284
44 134
44 352
44 326
44 67
44 245
44 376
44 491
44 485
44 341
44 387
44 55
44 306
44 253
44 437
44 161
44 64
44 79
44 425
44 97
44 292
44 193
45 74
45 240
45 217
45 353
45 321
45 433
45 202
45 111
45 500
45 182
45 384
45 118
45 68
45 389
45 203
45 402
45 388
45 192
45 481
45 197
45 168
45 229
45 254
45 62
45 307
45 100
45 104
45 105
45 477
45 70
45 460
45 350
45 136
45 144
45 77
45 346
45 258
45 329
45 274
45 59
45 480
45 109
45 464
45 243
45 356
45 108
45 428
45 116
45 166
45 66
45 137
46 378
46 442
46 454
46 65
46 487
46 403
46 189
46 160
46 172
46 340
46 112
46 272
46 211
46 259
46 423
46 348
46 139
46 163
46 150
46 208
46 358
46 332
46 90
46 347
46 457
46 395
46 49
46 195
46 132
46 343
47 207
47 344
47 309
47 494
47 284
47 245
47 376
47 491
47 485
47 447
47 121
47 86
47 341
47 387
47 306
47 120
47 437
47 161
47 64
47 215
47 425
47 299
47 97
47 292
47 300
47 181
47 173
47 193
47 241
47 69
47 81
47 449
47 372
47 216
47 492
47 435
47 483
47 368
47 305
47 242
47 489
47 123
47 83
47 260
47 146
47 131
47 223
47 441
47 219
47 294
47 238
47 298
47 94
47 190
47 220
47 467
47 338
48 464
48 243
48 356
48 428
48 116
48 303
48 166
48 137
48 156
48 354
48 279
48 475
48 129
48 422
48 393
48 493
48 410
48 380
48 421
48 420
48 130
48 56
48 288
48 233
48 76
48 330
48 224
48 351
48 334
48 214
48 383
48 320
48 325
48 237
48 82
48 418
48 93
48 101
48 170
48 98
49 378
49 442
49 454
49 65
49 487
49 403
49 189
49 160
49 340
49 112
49 272
49 211
49 259
49 423
49 348
49 139
49 163
49 208
49 358
49 332
49 90
49 347
49 457
49 395
49 195
49 132
49 343
50 127
50 469
50 192
50 366
50 99
50 212
50 62
50 307
50 100
50 460
50 414
50 136
50 174
50 258
50 274
50 59
50 480
50 356
50 438
50 497
50 108
50 335
50 247
50 78
50 66
50 137
50 156
50 475
50 429
50 357
50 282
50 129
50 393
50 265
50 421
50 270
50 344
50 164
50 140
50 288
50 248
50 246
50 233
50 134
50 352
50 326
50 67
50 334
50 55
51 226
51 61
51 412
51 444
51 194
51 264
51 234
51 183
51 103
51 84
51 318
51 366
51 99
51 434
51 252
51 498
51 95
51 138
51 235
51 427
51 154
51 141
51 174
51 85
51 281
51 370
51 143
51 285
51 269
51 438
51 416
51 473
51 371
51 453
51 78
51 210
51 440
51 429
51 401
51 222
52 253
52 79
52 418
52 225
52 170
52 476
52 98
52 369
52 147
52 483
52 58
52 363
52 407
52 361
52 396
52 73
52 461
52 63
52 413
52 244
52 336
52 221
52 468
52 280
52 123
52 411
52 479
52 390
52 231
52 328
52 122
52 463
52 296
52 145
52 450
52 364
52 394
52 250
52 308
52 53
52 151
52 175
52 337
52 451
52 110
52 378
52 442
52 96
52 205
52 65
52 153
52 487
52 403
52 189
52 152
52 160
52 470
52 112
52 211
53 225
53 476
53 98
53 369
53 147
53 58
53 363
53 407
53 361
53 396
53 73
53 461
53 63
53 413
53 244
53 336
53 221
53 468
53 280
53 411
53 479
53 390
53 231
53 328
53 122
53 463
53 296
53 145
53 450
53 394
53 443
53 250
53 308
53 151
53 175
53 337
53 451
53 262
53 397
53 110
53 378
53 442
53 96
53 205
53 65
53 153
53 277
53 487
53 403
53 189
53 152
53 160
53 470
53 171
53 340
53 112
53 211
53 213
53 133
53 139
53 478
53 163
54 124
54 199
54 75
54 256
54 323
54 261
54 275
54 424
54 415
54 310
54 373
54 319
54 432
54 466
54 382
54 439
54 91
54 314
54 106
54 209
54 263
54 317
54 187
54 178
54 115
54 60
54 177
54 446
54 236
54 405
54 102
54 287
54 232
54 471
54 339
54 404
54 304
54 452
54 315
54 273
54 57
54 185
54 113
55 429
55 357
55 282
55 393
55 265
55 421
55 270
55 207
55 344
55 164
55 140
55 288
55 248
55 246
55 233
55 284
55 134
55 352
55 326
55 67
55 334
55 245
55 491
55 485
55 320
55 325
55 387
55 253
55 437
55 161
55 64
55 79
55 425
55 225
55 97
55 292
55 476
55 193
55 369
55 483
55 58
55 363
55 407
55 361
55 461
55 63
55 336
55 489
55 280
55 123
55 411
55 479
56 274
56 480
56 109
56 464
56 243
56 356
56 108
56 428
56 116
56 303
56 166
56 66
56 137
56 156
56 354
56 279
56 475
56 282
56 129
56 422
56 393
56 493
56 410
56 380
56 421
56 420
56 130
56 140
56 288
56 246
56 233
56 76
56 330
56 224
56 326
56 351
56 334
56 214
56 383
56 320
56 325
56 237
56 82
56 253
56 418
56 93
56 101
56 225
56 170
56 476
56 98
57 432
57 466
57 382
57 439
57 91
57 314
57 227
57 106
57 209
57 263
57 89
57 88
57 317
57 187
57 178
57 313
57 115
57 60
57 177
57 446
57 448
57 236
57 405
57 102
57 430
57 287
57 232
57 471
57 339
57 291
57 404
57 456
57 159
57 276
57 304
57 452
57 315
57 191
57 273
57 185
57 148
57 113
58 246
58 233
58 352
58 326
58 67
58 334
58 320
58 325
58 237
58 253
58 79
58 418
58 93
58 425
58 225
58 170
58 292
58 476
58 98
58 369
58 147
58 483
58 363
58 407
58 361
58 396
58 73
58 461
58 63
58 413
58 244
58 336
58 221
58 468
58 489
58 280
58 123
58 411
58 479
58 390
58 231
58 328
58 122
58 463
58 296
58 145
58 364
58 394
58 250
58 308
58 151
58 451
58 110
58 442
58 65
58 153
59 202
59 111
59 384
59 218
59 118
59 68
59 255
59 389
59 203
59 402
59 127
59 469
59 192
59 481
59 197
59 366
59 99
59 212
59 62
59 307
59 100
59 104
59 105
59 460
59 414
59 136
59 144
59 174
59 258
59 274
59 480
59 109
59 464
59 356
59 438
59 497
59 108
59 335
59 116
59 247
59 66
59 137
59 156
59 475
59 357
59 282
59 129
59 393
59 493
59 265
59 421
59 270
59 140
60 256
60 323
60 261
60 275
60 424
60 230
60 415
60 310
60 345
60 167
60 373
60 319
60 432
60 466
60 382
60 439
60 91
60 314
60 227
60 106
60 209
60 263
60 89
60 88
60 317
60 187
60 178
60 115
60 177
60 446
60 448
60 236
60 405
60 102
60 287
60 232
60 471
60 339
60 404
60 456
60 159
60 276
60 304
60 452
60 315
60 273
60 185
60 148
60 113
61 431
61 375
61 324
61 472
61 342
61 107
61 226
61 71
61 444
61 194
61 445
61 80
61 392
61 264
61 355
61 234
61 183
61 495
61 386
61 84
61 318
61 434
61 149
61 498
61 135
61 138
61 235
61 427
61 154
61 482
61 283
61 85
62 201
62 217
62 433
62 377
62 202
62 111
62 384
62 218
62 118
62 68
62 255
62 389
62 203
62 402
62 127
62 469
62 192
62 481
62 197
62 366
62 99
62 212
62 307
62 100
62 104
62 105
62 460
62 414
62 136
62 144
62 174
62 258
62 274
62 480
62 109
62 356
62 438
62 497
62 108
62 335
62 247
62 66
62 137
62 156
62 475
62 282
63 334
63 320
63 325
63 237
63 253
63 79
63 418
63 93
63 101
63 425
63 225
63 170
63 292
63 476
63 98
63 369
63 147
63 483
63 363
63 407
63 361
63 396
63 73
63 461
63 413
63 244
63 336
63 221
63 468
63 280
63 123
63 411
63 479
63 390
63 231
63 328
63 122
63 463
63 296
63 145
63 450
63 394
63 250
63 308
63 151
63 451
63 110
63 442
63 96
63 205
63 65
63 153
63 403
63 152
64 429
64 401
64 222
64 126
64 462
64 207
64 344
64 164
64 248
64 309
64 494
64 284
64 134
64 352
64 67
64 245
64 376
64 491
64 485
64 121
64 86
64 341
64 387
64 306
64 120
64 437
64 161
64 425
64 299
64 97
64 292
64 181
64 173
64 193
64 241
64 69
64 81
64 449
64 372
64 216
64 492
64 435
64 483
64 368
64 363
64 489
64 123
64 131
64 223
65 363
65 407
65 361
65 461
65 336
65 221
65 468
65 280
65 123
65 411
65 479
65 390
65 231
65 328
65 122
65 463
65 296
65 145
65 364
65 394
65 190
65 250
65 308
65 151
65 451
65 349
65 110
65 378
65 442
65 96
65 205
65 454
65 153
65 487
65 403
65 189
65 152
65 160
65 470
65 340
65 112
65 272
65 211
65 259
65 423
65 348
65 139
65 478
65 163
65 358
65 90
65 322
65 347
65 457
65 195
65 132
65 343
66 389
66 203
66 402
66 192
66 481
66 197
66 254
66 212
66 307
66 100
66 104
66 105
66 477
66 460
66 414
66 350
66 136
66 144
66 258
66 274
66 480
66 109
66 464
66 243
66 356
66 438
66 497
66 108
66 428
66 335
66 116
66 303
66 247
66 166
66 137
66 156
66 354
66 279
66 475
66 357
66 282
66 129
66 422
66 393
66 493
66 265
66 410
66 421
66 270
66 420
66 130
66 140
66 288
66 246
66 233
66 76
66 326
66 334
66 214
66 320
66 325
67 247
67 429
67 357
67 282
67 393
67 265
67 421
67 270
67 126
67 207
67 344
67 164
67 140
67 288
67 248
67 246
67 233
67 284
67 134
67 352
67 326
67 334
67 245
67 491
67 485
67 320
67 325
67 387
67 253
67 437
67 161
67 79
67 425
67 225
67 97
67 292
67 193
67 369
67 483
67 363
67 407
67 361
68 201
68 74
68 240
68 217
68 353
68 433
68 377
68 202
68 111
68 500
68 182
68 384
68 218
68 118
68 255
68 389
68 203
68 402
68 127
68 469
68 192
68 481
68 197
68 168
68 254
68 99
68 212
68 307
68 100
68 104
68 105
68 477
68 460
68 414
68 350
68 136
68 144
68 258
68 274
68 480
68 109
68 464
68 356
68 497
68 108
69 309
69 494
69 128
69 376
69 447
69 121
69 86
69 341
69 306
69 120
69 437
69 161
69 286
69 215
69 278
69 249
69 299
69 97
69 251
69 300
69 181
69 173
69 193
69 241
69 81
69 449
69 372
69 216
69 492
69 435
69 368
69 72
69 196
69 119
69 305
69 242
69 83
69 260
69 146
69 131
69 162
69 223
69 374
69 441
69 424
69 230
69 219
69 267
69 294
69 238
69 345
69 167
69 220
69 467
69 486
70 240
70 353
70 321
70 500
70 182
70 402
70 388
70 197
70 168
70 229
70 254
70 100
70 104
70 105
70 477
70 350
70 144
70 77
70 346
70 329
70 274
70 480
70 109
70 464
70 243
70 356
70 428
70 116
70 303
70 166
70 354
70 279
70 422
70 380
71 431
71 375
71 324
71 472
71 342
71 107
71 200
71 226
71 444
71 194
71 445
71 80
71 392
71 264
71 301
71 355
71 234
71 183
71 365
71 495
71 386
71 84
71 295
71 434
71 149
71 498
71 135
71 138
71 235
71 154
71 482
71 283
71 85
72 128
72 447
72 121
72 331
72 484
72 286
72 155
72 215
72 436
72 278
72 249
72 251
72 300
72 496
72 184
72 241
72 81
72 216
72 124
72 196
72 199
72 119
72 305
72 242
72 75
72 83
72 260
72 146
72 256
72 162
72 323
72 261
72 374
72 424
72 230
72 415
72 310
72 267
72 345
72 167
72 220
72 373
72 319
72 486
72 432
72 466
72 382
72 439
72 91
72 227
72 209
72 263
73 76
73 330
73 351
73 214
73 383
73 320
73 325
73 237
73 82
73 418
73 93
73 101
73 225
73 170
73 476
73 98
73 369
73 147
73 361
73 396
73 461
73 413
73 244
73 336
73 221
73 468
73 280
73 328
73 122
73 463
73 296
73 145
73 450
73 394
73 443
73 289
73 250
73 308
73 362
73 175
73 337
73 262
73 397
73 96
73 205
73 277
74 240
74 217
74 353
74 321
74 433
74 202
74 500
74 182
74 389
74 203
74 402
74 388
74 481
74 197
74 168
74 229
74 254
74 307
74 100
74 104
74 105
74 477
74 350
75 331
75 484
75 155
75 436
75 278
75 249
75 251
75 496
75 184
75 124
75 196
75 199
75 256
75 323
75 261
75 275
75 424
75 415
75 310
75 373
75 319
75 432
75 466
75 382
75 439
75 314
75 106
75 209
75 178
76 428
76 116
76 303
76 166
76 137
76 156
76 354
76 279
76 475
76 129
76 422
76 393
76 493
76 410
76 380
76 421
76 420
76 130
76 288
76 246
76 233
76 330
76 224
76 351
76 334
76 214
76 383
76 320
76 325
76 237
76 82
76 418
76 93
76 101
76 225
76 170
76 476
76 98
76 147
77 321
77 500
77 182
77 402
77 388
77 197
77 168
77 229
77 254
77 100
77 104
77 105
77 477
77 350
77 144
77 346
77 329
77 274
77 480
77 109
77 464
77 243
77 356
77 428
77 116
77 303
77 166
77 354
77 279
77 422
77 493
77 410
77 380
78 103
78 318
78 366
78 99
78 212
78 434
78 252
78 498
78 95
78 427
78 414
78 141
78 174
78 281
78 285
78 269
78 438
78 497
78 416
78 335
78 371
78 453
78 247
78 210
78 440
78 429
78 357
78 401
78 265
78 222
78 270
78 126
78 462
78 207
78 344
78 164
78 248
78 494
78 284
78 134
78 245
78 491
78 485
79 357
79 282
79 393
79 265
79 421
79 270
79 164
79 140
79 288
79 248
79 246
79 233
79 134
79 352
79 326
79 334
79 214
79 485
79 320
79 325
79 387
79 237
79 253
79 418
79 425
79 225
79 97
79 292
79 476
79 193
79 98
79 369
79 483
79 363
79 407
79 361
79 396
79 461
79 336
79 221
79 468
79 489
79 280
79 123
79 411
79 479
79 390
79 231
79 328
79 296
80 271
80 431
80 375
80 324
80 472
80 342
80 107
80 200
80 226
80 444
80 194
80 445
80 392
80 264
80 301
80 355
80 234
80 183
80 365
80 381
80 495
80 386
80 84
80 295
80 434
80 149
80 498
80 290
80 135
80 138
80 235
80 154
80 482
80 283
80 379
80 360
80 85
80 370
80 143
81 309
81 494
81 284
81 245
81 128
81 376
81 491
81 485
81 447
81 121
81 86
81 341
81 306
81 120
81 437
81 161
81 286
81 215
81 299
81 97
81 300
81 181
81 173
81 193
81 241
81 449
81 372
81 216
81 492
81 435
81 368
81 119
81 305
81 242
81 489
81 83
81 260
81 146
81 131
81 162
81 223
81 374
81 441
81 230
81 219
81 267
81 294
81 238
81 298
81 94
81 345
81 167
81 220
81 467
81 338
81 486
81 327
82 354
82 279
82 129
82 422
82 493
82 410
82 380
82 420
82 130
82 288
82 246
82 233
82 330
82 224
82 351
82 334
82 214
82 383
82 320
82 325
82 237
82 418
82 93
82 101
82 225
82 170
82 476
82 98
82 147
82 396
82 413
82 244
83 447
83 121
83 86
83 120
83 286
83 215
83 278
83 249
83 299
83 251
83 300
83 181
83 173
83 241
83 449
83 372
83 216
83 492
83 435
83 368
83 196
83 119
83 305
83 242
83 260
83 146
83 162
83 223
83 374
83 441
83 424
83 230
83 219
83 310
83 267
83 294
83 238
83 345
83 167
83 220
83 467
83 373
83 486
83 382
83 439
83 91
83 227
83 263
83 89
83 88
83 313
83 446
83 448
84 431
84 375
84 324
84 472
84 342
84 107
84 226
84 444
84 194
84 445
84 392
84 264
84 301
84 355
84 234
84 183
84 365
84 495
84 386
84 318
84 295
84 434
84 149
84 498
84 290
84 135
84 138
84 235
84 427
84 154
84 482
84 283
84 379
84 360
84 85
84 458
84 370
84 419
84 143
84 285
84 269
84 188
84 157
84 473
85 444
85 445
85 392
85 264
85 234
85 183
85 495
85 386
85 295
85 434
85 149
85 498
85 290
85 135
85 138
85 235
85 427
85 154
85 482
85 283
85 379
85 360
85 458
85 370
85 406
85 419
85 143
85 285
85 269
85 416
85 188
85 157
85 473
85 371
85 228
85 453
85 474
85 440
85 417
85 117
85 268
85 400
85 398
85 222
85 125
85 333
85 180
85 158
86 440
86 417
86 401
86 222
86 125
86 126
86 333
86 462
86 180
86 158
86 207
86 344
86 309
86 494
86 284
86 245
86 128
86 376
86 491
86 485
86 447
86 121
86 341
86 306
86 120
86 437
86 161
86 286
86 215
86 249
86 299
86 97
86 300
86 181
86 173
86 193
86 241
86 449
86 372
86 216
86 492
86 435
86 368
86 119
86 305
86 242
87 271
87 342
87 200
87 445
87 392
87 301
87 355
87 365
87 381
87 495
87 386
87 295
87 149
87 290
87 135
87 154
87 482
87 283
87 379
87 360
87 204
87 458
87 406
87 419
87 228
87 474
88 119
88 305
88 242
88 260
88 146
88 162
88 374
88 441
88 424
88 230
88 219
88 310
88 267
88 294
88 238
88 345
88 167
88 220
88 467
88 373
88 338
88 486
88 382
88 327
88 439
88 91
88 359
88 227
88 106
88 209
88 263
88 89
88 179
88 317
88 187
88 172
88 313
88 297
88 165
88 177
88 446
88 448
88 186
88 206
88 102
88 430
88 266
88 471
88 339
88 291
88 92
88 404
88 456
88 159
88 276
88 150
88 452
88 315
88 191
88 273
88 169
88 185
88 148
88 113
88 176
88 114
89 119
89 305
89 242
89 260
89 146
89 162
89 374
89 441
89 424
89 230
89 219
89 310
89 267
89 294
89 238
89 345
89 167
89 220
89 467
89 373
89 338
89 486
89 382
89 327
89 439
89 91
89 359
89 227
89 106
89 209
89 263
89 179
89 317
89 187
89 313
89 297
89 165
89 177
89 446
89 448
89 186
89 206
89 102
89 430
89 266
89 471
89 339
89 291
89 92
89 404
89 456
89 159
89 276
89 150
89 452
89 315
89 191
89 273
89 169
89 185
89 148
89 113
89 176
89 114
90 250
90 308
90 151
90 451
90 110
90 378
90 442
90 96
90 454
90 153
90 487
90 403
90 189
90 152
90 160
90 470
90 340
90 112
90 272
90 211
90 259
90 423
90 348
90 139
90 478
90 163
90 358
90 409
90 332
90 302
90 239
90 465
90 322
90 367
90 347
90 457
90 385
90 195
90 132
90 343
91 196
91 199
91 119
91 305
91 242
91 260
91 146
91 256
91 162
91 323
91 261
91 374
91 275
91 424
91 230
91 415
91 310
91 267
91 345
91 167
91 220
91 373
91 319
91 486
91 432
91 466
91 382
91 439
91 314
91 227
91 106
91 209
91 263
91 317
91 187
91 178
91 313
91 115
91 177
91 446
91 448
91 236
91 405
91 102
91 430
91 287
91 232
91 471
91 339
91 291
91 404
91 456
91 159
91 276
91 452
91 315
91 191
91 273
91 185
91 148
91 113
92 441
92 219
92 267
92 294
92 238
92 345
92 167
92 220
92 467
92 338
92 486
92 327
92 359
92 227
92 263
92 179
92 172
92 313
92 297
92 165
92 177
92 446
92 448
92 186
92 206
92 272
92 430
92 266
92 339
92 291
92 348
92 456
92 159
92 276
92 150
92 208
92 332
92 191
92 169
92 185
92 148
92 113
92 176
92 395
92 114
93 129
93 493
93 410
93 420
93 130
93 288
93 246
93 233
93 330
93 224
93 351
93 334
93 214
93 383
93 320
93 325
93 237
93 253
93 418
93 101
93 225
93 170
93 476
93 98
93 369
93 147
93 396
93 461
93 413
93 244
93 336
93 221
93 468
93 463
93 145
93 450
94 97
94 292
94 181
94 173
94 193
94 449
94 372
94 492
94 435
94 483
94 368
94 363
94 407
94 489
94 123
94 411
94 479
94 146
94 131
94 390
94 231
94 223
94 441
94 219
94 364
94 294
94 238
94 298
94 190
94 220
94 467
94 151
94 338
94 486
94 451
94 349
94 327
94 359
94 378
94 442
94 454
94 487
94 179
94 189
94 160
94 172
94 297
94 165
94 186
94 206
94 272
94 266
94 259
94 348
94 150
94 208
94 332
95 399
95 391
95 490
95 226
95 412
95 377
95 194
95 234
95 183
95 218
95 103
95 255
95 127
95 469
95 318
95 366
95 99
95 212
95 434
95 252
95 498
95 235
95 427
95 414
95 141
95 174
95 281
95 285
95 269
95 438
95 497
95 416
95 335
95 371
95 453
95 210
95 440
95 429
95 401
96 396
96 461
96 413
96 244
96 336
96 221
96 468
96 280
96 411
96 479
96 328
96 122
96 463
96 296
96 145
96 450
96 394
96 443
96 250
96 308
96 362
96 151
96 175
96 337
96 451
96 262
96 397
96 110
96 378
96 442
96 205
96 153
96 277
96 487
96 403
96 189
96 152
96 160
96 470
96 171
96 340
96 112
96 211
96 213
96 316
96 423
96 133
96 139
96 478
96 163
96 409
96 312
96 302
96 239
96 465
96 322
96 367
96 488
96 385
96 343
97 126
97 207
97 344
97 164
97 248
97 494
97 284
97 134
97 352
97 245
97 376
97 491
97 485
97 341
97 387
97 306
97 253
97 120
97 437
97 161
97 425
97 299
97 292
97 181
97 173
97 193
97 449
97 372
97 216
97 492
97 435
97 483
97 368
97 363
97 407
97 361
97 489
97 123
97 411
97 131
97 390
97 231
97 223
97 441
97 219
97 364
97 294
97 238
97 298
97 190
97 338
98 420
98 130
98 288
98 246
98 233
98 330
98 224
98 351
98 334
98 214
98 383
98 320
98 325
98 237
98 253
98 418
98 101
98 225
98 170
98 476
98 369
98 147
98 407
98 361
98 396
98 461
98 413
98 244
98 336
98 221
98 468
98 280
98 479
98 328
98 122
98 463
98 296
98 145
98 450
98 394
98 443
98 250
98 308
98 175
98 337
99 391
99 490
99 499
99 201
99 412
99 377
99 202
99 111
99 384
99 218
99 118
99 103
99 255
99 203
99 127
99 469
99 192
99 481
99 318
99 366
99 212
99 307
99 252
99 460
99 414
99 136
99 141
99 174
99 258
99 281
99 438
99 497
99 335
99 247
99 429
99 357
100 240
100 217
100 353
100 433
100 202
100 111
100 500
100 182
100 384
100 118
100 255
100 389
100 203
100 402
100 469
100 192
100 481
100 197
100 168
100 229
100 254
100 212
100 307
100 104
100 105
100 477
100 460
100 414
100 350
100 136
100 144
100 258
100 329
100 274
100 480
100 109
100 464
100 243
100 356
100 497
100 108
100 428
100 116
100 247
100 166
100 137
100 156
100 475
100 129
100 393
100 493
101 422
101 493
101 410
101 380
101 420
101 130
101 288
101 246
101 233
101 330
101 224
101 351
101 334
101 214
101 383
101 320
101 325
101 237
101 418
101 225
101 170
101 476
101 147
101 396
101 461
101 413
101 244
101 468
101 450
102 162
102 374
102 424
102 230
102 310
102 267
102 345
102 167
102 373
102 319
102 486
102 432
102 466
102 382
102 439
102 314
102 227
102 106
102 209
102 263
102 317
102 187
102 178
102 313
102 115
102 177
102 446
102 448
102 236
102 405
102 430
102 287
102 232
102 471
102 339
102 291
102 404
102 456
102 159
102 276
102 304
102 452
102 315
102 191
102 273
102 185
102 148
102 113
103 324
103 399
103 391
103 490
103 499
103 201
103 226
103 412
103 377
103 194
103 111
103 384
103 183
103 218
103 118
103 255
103 127
103 469
103 318
103 366
103 212
103 434
103 252
103 498
103 427
103 414
103 141
103 174
103 281
103 269
103 438
103 416
103 335
104 240
104 217
104 353
104 433
104 202
104 111
104 500
104 182
104 384
104 118
104 255
104 389
104 203
104 402
104 192
104 481
104 197
104 168
104 229
104 254
104 212
104 307
104 105
104 477
104 460
104 350
104 136
104 144
104 258
104 329
104 274
104 480
104 109
104 464
104 243
104 356
104 497
104 108
104 428
104 116
104 303
104 247
104 166
104 137
104 156
104 354
104 475
104 129
104 393
104 493
105 240
105 217
105 353
105 433
105 202
105 111
105 500
105 182
105 384
105 118
105 255
105 389
105 203
105 402
105 388
105 192
105 481
105 197
105 168
105 229
105 254
105 212
105 307
105 477
105 460
105 350
105 136
105 144
105 346
105 258
105 329
105 274
105 480
105 109
105 464
105 243
105 356
105 497
105 108
105 428
105 116
105 303
105 166
105 137
105 156
105 354
105 475
105 129
105 393
105 493
106 196
106 199
106 256
106 162
106 323
106 261
106 374
106 275
106 424
106 230
106 415
106 310
106 267
106 345
106 167
106 373
106 319
106 432
106 466
106 382
106 439
106 314
106 227
106 209
106 263
106 317
106 187
106 178
106 115
106 177
106 446
106 448
106 236
106 405
106 287
106 232
106 471
106 339
106 404
106 456
106 159
106 276
106 304
106 452
106 315
106 273
106 185
106 148
106 113
107 431
107 375
107 324
107 472
107 342
107 200
107 226
107 444
107 194
107 445
107 392
107 264
107 301
107 355
107 234
107 183
107 365
107 495
107 386
107 434
107 149
107 498
107 135
107 138
107 235
107 154
107 482
107 283
108 389
108 203
108 402
108 192
108 481
108 197
108 168
108 254
108 212
108 307
108 477
108 460
108 414
108 350
108 136
108 144
108 258
108 329
108 274
108 480
108 109
108 464
108 243
108 356
108 497
108 428
108 335
108 116
108 303
108 247
108 166
108 137
108 156
108 354
108 279
108 475
108 282
108 129
108 422
108 393
108 493
108 410
108 421
108 270
108 420
108 130
108 288
108 246
108 233
109 500
109 182
109 389
109 203
109 402
109 192
109 481
109 197
109 168
109 229
109 254
109 307
109 477
109 460
109 350
109 136
109 144
109 346
109 258
109 329
109 274
109 480
109 464
109 243
109 356
109 428
109 116
109 303
109 247
109 166
109 137
109 156
109 354
109 279
109 475
109 282
109 129
109 422
109 393
109 493
109 410
109 421
109 420
109 130
109 288
110 369
110 363
110 407
110 361
110 396
110 461
110 413
110 336
110 221
110 468
110 280
110 123
110 411
110 479
110 390
110 231
110 328
110 122
110 463
110 296
110 145
110 450
110 364
110 394
110 250
110 308
110 151
110 175
110 337
110 451
110 378
110 442
110 205
110 454
110 153
110 487
110 403
110 189
110 152
110 160
110 470
110 171
110 340
110 112
110 211
110 213
110 259
110 423
110 133
110 139
110 478
110 163
110 358
110 409
110 302
110 239
110 322
111 391
111 490
111 499
111 201
111 217
111 433
111 412
111 377
111 202
111 384
111 218
111 118
111 255
111 389
111 203
111 402
111 127
111 469
111 192
111 481
111 366
111 212
111 307
111 460
111 414
111 136
111 174
111 258
111 497
112 479
112 328
112 122
112 463
112 296
112 145
112 394
112 250
112 308
112 151
112 451
112 378
112 442
112 205
112 454
112 153
112 487
112 403
112 189
112 152
112 160
112 470
112 340
112 272
112 211
112 213
112 259
112 423
112 133
112 348
112 139
112 478
112 163
112 358
112 409
112 332
112 302
112 239
112 465
112 322
112 367
112 347
112 457
112 385
112 195
112 132
112 343
113 382
113 439
113 227
113 209
113 263
113 317
113 187
113 178
113 313
113 115
113 177
113 446
113 448
113 236
113 405
113 430
113 287
113 232
113 471
113 339
113 291
113 404
113 456
113 159
113 276
113 304
113 452
113 315
113 191
113 273
113 169
113 185
113 148
114 327
114 359
114 179
114 172
114 313
114 297
114 165
114 448
114 186
114 206
114 272
114 430
114 266
114 291
114 348
114 456
114 159
114 276
114 150
114 208
114 332
114 191
114 169
114 148
114 176
114 395
115 256
115 323
115 261
115 275
115 424
115 415
115 310
115 373
115 319
115 432
115 466
115 382
115 439
115 314
115 209
115 263
115 317
115 187
115 178
115 177
115 446
115 236
115 405
115 287
115 232
115 471
115 339
115 404
115 304
115 452
115 315
115 273
115 185
116 389
116 402
116 388
116 481
116 197
116 168
116 229
116 254
116 307
116 477
116 350
116 136
116 144
116 346
116 258
116 329
116 274
116 480
116 464
116 243
116 356
116 428
116 303
116 166
116 137
116 156
116 354
116 279
116 475
116 129
116 422
116 393
116 493
116 410
116 380
116 421
116 420
116 130
116 288
116 330
116 351
117 149
117 290
117 135
117 138
117 154
117 482
117 283
117 379
117 360
117 204
117 458
117 370
117 406
117 419
117 143
117 188
117 157
117 473
117 228
117 474
117 417
117 268
117 400
117 398
117 125
117 142
117 333
117 462
117 180
117 158
117 293
117 309
117 459
117 311
117 128
117 447
117 484
117 286
118 391
118 490
118 499
118 201
118 217
118 433
118 412
118 377
118 202
118 384
118 218
118 255
118 389
118 203
118 402
118 127
118 469
118 192
118 481
118 366
118 212
118 307
118 460
118 414
118 136
118 174
118 258
118 438
118 497
118 335
119 128
119 447
119 121
119 120
119 286
119 215
119 278
119 249
119 299
119 251
119 300
119 181
119 241
119 449
119 216
119 368
119 196
119 199
119 305
119 242
119 260
119 146
119 162
119 261
119 374
119 441
119 424
119 230
119 219
119 310
119 267
119 345
119 167
119 220
119 467
119 373
119 319
119 486
119 432
119 382
119 439
119 227
119 209
119 263
119 187
120 440
120 401
120 222
120 126
120 333
120 462
120 158
120 207
120 344
120 309
120 494
120 284
120 245
120 128
120 376
120 491
120 485
120 447
120 121
120 341
120 387
120 306
120 437
120 161
120 286
120 215
120 299
120 300
120 181
120 173
120 193
120 241
120 449
120 372
120 216
120 492
120 435
120 368
120 305
120 242
120 260
120 146
121 440
121 417
121 398
121 401
121 222
121 125
121 126
121 333
121 462
121 180
121 158
121 207
121 309
121 494
121 284
121 245
121 128
121 376
121 491
121 485
121 447
121 341
121 306
121 437
121 161
121 286
121 215
121 278
121 249
121 299
121 300
121 181
121 173
121 241
121 449
121 372
121 216
121 492
121 435
121 368
121 305
121 242
122 418
122 225
122 170
122 476
122 369
122 147
122 483
122 363
122 407
122 361
122 396
122 461
122 413
122 244
122 336
122 221
122 468
122 280
122 123
122 411
122 479
122 390
122 231
122 328
122 463
122 296
122 145
122 450
122 364
122 394
122 443
122 250
122 308
122 151
122 175
122 337
122 451
122 378
122 442
122 205
122 153
122 487
122 403
122 189
122 152
122 160
122 470
122 340
122 211
123 387
123 253
123 161
123 425
123 225
123 292
123 173
123 193
123 369
123 372
123 492
123 435
123 483
123 368
123 363
123 407
123 361
123 461
123 336
123 221
123 489
123 280
123 411
123 479
123 131
123 390
123 231
123 328
123 463
123 223
123 296
123 219
123 364
123 294
123 238
123 298
123 190
123 250
123 308
123 151
123 338
123 451
123 349
123 327
123 359
123 378
123 442
123 454
123 487
123 189
123 160
124 459
124 311
124 331
124 484
124 155
124 436
124 278
124 249
124 251
124 496
124 184
124 196
124 199
124 256
124 323
124 261
124 275
124 424
124 415
124 310
124 373
124 319
124 432
124 466
124 382
124 439
124 314
125 135
125 138
125 154
125 482
125 283
125 379
125 360
125 458
125 370
125 406
125 419
125 143
125 188
125 157
125 473
125 228
125 474
125 417
125 268
125 400
125 398
125 222
125 142
125 333
125 462
125 180
125 158
125 293
125 309
125 459
125 311
125 128
125 447
125 331
125 484
125 286
125 215
125 278
125 249
126 141
126 281
126 285
126 269
126 438
126 416
126 335
126 371
126 453
126 210
126 440
126 429
126 357
126 401
126 265
126 222
126 462
126 207
126 344
126 164
126 248
126 309
126 494
126 284
126 134
126 352
126 245
126 376
126 491
126 485
126 341
126 387
126 306
126 437
126 161
126 299
126 181
126 173
126 193
127 399
127 391
127 490
127 499
127 201
127 412
127 377
127 202
127 384
127 218
127 255
127 203
127 469
127 192
127 481
127 318
127 366
127 212
127 307
127 252
127 460
127 414
127 136
127 141
127 174
127 281
127 438
127 497
127 335
127 247
128 440
128 417
128 400
128 398
128 222
128 333
128 462
128 180
128 158
128 293
128 309
128 494
128 376
128 447
128 341
128 306
128 484
128 286
128 215
128 278
128 249
128 299
128 251
128 300
128 181
128 241
128 449
128 216
128 305
128 242
129 307
129 477
129 350
129 136
129 144
129 258
129 329
129 274
129 480
129 464
129 243
129 356
129 428
129 303
129 247
129 166
129 137
129 156
129 354
129 279
129 475
129 282
129 422
129 393
129 493
129 410
129 380
129 421
129 270
129 420
129 130
129 140
129 288
129 246
129 233
129 330
129 224
129 326
129 351
129 334
129 214
129 383
129 320
129 325
129 237
129 418
130 329
130 274
130 464
130 243
130 356
130 428
130 303
130 166
130 137
130 156
130 354
130 279
130 475
130 422
130 393
130 493
130 410
130 380
130 421
130 420
130 288
130 246
130 233
130 330
130 224
130 351
130 334
130 214
130 383
130 320
130 325
130 237
130 418
130 170
131 437
131 161
131 425
131 299
131 292
131 181
131 173
131 193
131 449
131 372
131 216
131 492
131 435
131 483
131 368
131 363
131 407
131 489
131 411
131 479
131 260
131 146
131 390
131 231
131 223
131 441
131 219
131 364
131 294
131 238
131 298
131 190
131 220
131 467
131 338
131 486
131 451
131 349
131 327
131 359
131 378
131 454
131 487
131 179
131 189
131 172
131 297
131 165
131 272
132 442
132 153
132 487
132 403
132 189
132 152
132 160
132 470
132 340
132 211
132 259
132 423
132 133
132 139
132 478
132 163
132 358
132 409
132 332
132 302
132 239
132 465
132 322
132 367
132 488
132 347
132 457
132 385
132 195
132 343
133 450
133 394
133 443
133 289
133 362
133 175
133 337
133 262
133 397
133 205
133 153
133 277
133 408
133 403
133 152
133 470
133 171
133 211
133 213
133 316
133 198
133 139
133 478
133 409
133 312
133 302
133 239
133 465
133 455
133 257
133 322
133 367
133 488
133 426
133 385
133 343
134 335
134 247
134 429
134 357
134 282
134 401
134 265
134 421
134 270
134 207
134 344
134 164
134 140
134 248
134 494
134 246
134 233
134 284
134 352
134 326
134 334
134 245
134 376
134 491
134 485
134 320
134 341
134 387
134 253
134 437
134 161
134 425
134 225
134 292
134 173
134 193
134 483
134 363
134 407
135 342
135 200
135 444
135 445
135 392
135 264
135 301
135 355
135 234
135 365
135 381
135 495
135 386
135 295
135 149
135 498
135 290
135 138
135 235
135 154
135 482
135 283
135 379
135 360
135 204
135 458
135 370
135 406
135 419
135 143
135 285
135 188
135 157
135 473
135 228
135 474
135 417
135 268
135 400
135 398
136 433
136 202
136 384
136 218
136 255
136 389
136 203
136 402
136 469
136 192
136 481
136 197
136 366
136 254
136 212
136 307
136 477
136 460
136 414
136 350
136 144
136 174
136 258
136 274
136 480
136 464
136 356
136 438
136 497
136 335
136 247
136 137
136 156
136 475
136 357
136 282
136 393
136 493
136 265
136 421
136 270
137 203
137 402
137 481
137 197
137 254
137 307
137 477
137 460
137 350
137 144
137 258
137 329
137 274
137 480
137 464
137 243
137 356
137 497
137 428
137 335
137 303
137 247
137 166
137 156
137 354
137 279
137 475
137 282
137 422
137 393
137 493
137 265
137 410
137 421
137 270
137 420
137 140
137 288
137 246
137 233
137 330
137 326
137 351
137 334
137 214
137 320
137 325
138 472
138 342
138 444
138 194
138 445
138 392
138 264
138 355
138 234
138 183
138 365
138 495
138 386
138 318
138 295
138 434
138 149
138 498
138 290
138 235
138 427
138 154
138 482
138 283
138 141
138 379
138 360
138 458
138 370
138 406
138 419
138 143
138 285
138 269
138 416
138 188
138 157
138 473
138 371
138 228
138 453
138 474
138 440
138 417
138 398
139 296
139 145
139 250
139 308
139 151
139 451
139 378
139 442
139 205
139 454
139 153
139 487
139 403
139 189
139 152
139 160
139 470
139 171
139 340
139 272
139 211
139 213
139 259
139 423
139 348
139 478
139 163
139 358
139 409
139 312
139 332
139 302
139 239
139 465
139 322
139 367
139 488
139 347
139 457
139 385
139 195
139 343
140 438
140 497
140 335
140 247
140 156
140 475
140 429
140 357
140 282
140 393
140 265
140 421
140 270
140 420
140 207
140 344
140 164
140 288
140 248
140 246
140 233
140 352
140 326
140 334
140 214
140 491
140 485
140 320
140 325
140 387
140 253
140 425
140 225
140 292
140 369
141 226
141 412
141 194
141 264
141 234
141 183
141 318
141 366
141 434
141 252
141 498
141 235
141 427
141 414
141 174
141 281
141 370
141 143
141 285
141 269
141 438
141 416
141 335
141 473
141 371
141 453
141 210
141 440
141 429
141 401
141 222
142 379
142 204
142 458
142 406
142 419
142 188
142 228
142 474
142 268
142 400
142 398
142 180
142 293
142 459
142 311
142 331
142 484
142 155
142 436
143 264
143 234
143 183
143 386
143 318
143 434
143 252
143 149
143 498
143 290
143 235
143 427
143 154
143 482
143 283
143 379
143 360
143 281
143 458
143 370
143 406
143 419
143 285
143 269
143 416
143 188
143 157
143 473
143 371
143 228
143 453
143 474
143 210
143 440
143 417
143 400
143 398
143 401
143 222
143 333
143 462
143 180
143 158
143 309
144 217
144 353
144 433
144 500
144 182
144 389
144 203
144 402
144 388
144 192
144 481
144 197
144 168
144 229
144 254
144 307
144 477
144 460
144 350
144 346
144 258
144 329
144 274
144 480
144 464
144 243
144 356
144 428
144 303
144 166
144 156
144 354
144 279
144 475
144 422
144 393
144 493
144 410
145 418
145 225
145 170
145 476
145 369
145 147
145 363
145 407
145 361
145 396
145 461
145 413
145 244
145 336
145 221
145 468
145 280
145 411
145 479
145 390
145 231
145 328
145 463
145 296
145 450
145 394
145 443
145 250
145 308
145 362
145 151
145 175
145 337
145 451
145 262
145 397
145 378
145 442
145 205
145 153
145 277
145 487
145 403
145 152
145 470
145 171
145 211
146 306
146 437
146 215
146 299
146 300
146 181
146 173
146 193
146 241
146 449
146 372
146 216
146 492
146 435
146 368
146 305
146 242
146 489
146 260
146 162
146 223
146 374
146 441
146 424
146 230
146 219
146 267
146 294
146 238
146 298
146 345
146 167
146 220
146 467
146 338
146 486
146 327
146 359
146 227
146 263
146 179
146 313
146 297
146 448
146 186
146 206
147 330
147 224
147 351
147 214
147 383
147 320
147 325
147 237
147 418
147 225
147 170
147 476
147 369
147 396
147 461
147 413
147 244
147 336
147 221
147 468
147 280
147 328
147 463
147 450
147 394
147 443
147 289
147 362
147 175
147 337
147 262
147 397
147 205
148 486
148 227
148 209
148 263
148 317
148 187
148 313
148 297
148 177
148 446
148 448
148 186
148 206
148 430
148 266
148 287
148 232
148 471
148 339
148 291
148 404
148 456
148 159
148 276
148 150
148 452
148 315
148 191
148 273
148 169
148 185
148 176
149 431
149 472
149 342
149 444
149 445
149 392
149 264
149 301
149 355
149 234
149 183
149 365
149 381
149 495
149 386
149 295
149 434
149 498
149 290
149 235
149 427
149 154
149 482
149 283
149 379
149 360
149 204
149 458
149 370
149 406
149 419
149 285
149 269
149 188
149 157
149 473
149 228
149 474
149 417
149 400
149 398
150 219
150 294
150 238
150 298
150 220
150 467
150 338
150 486
150 349
150 327
150 359
150 227
150 454
150 179
150 172
150 313
150 297
150 165
150 448
150 186
150 206
150 272
150 430
150 266
150 259
150 291
150 348
150 456
150 159
150 276
150 208
150 358
150 332
150 191
150 169
150 347
150 457
150 176
150 395
151 225
151 369
151 483
151 363
151 407
151 361
151 396
151 461
151 413
151 336
151 221
151 468
151 489
151 280
151 411
151 479
151 390
151 231
151 328
151 463
151 296
151 364
151 394
151 190
151 250
151 308
151 451
151 349
151 378
151 442
151 205
151 454
151 153
151 487
151 403
151 189
151 152
151 160
151 470
151 340
151 272
151 211
151 259
151 423
151 163
151 358
152 461
152 413
152 336
152 221
152 468
152 280
152 479
152 328
152 463
152 296
152 450
152 394
152 443
152 250
152 308
152 175
152 337
152 451
152 262
152 397
152 378
152 442
152 205
152 153
152 277
152 487
152 403
152 189
152 160
152 470
152 171
152 340
152 211
152 213
152 316
152 259
152 423
152 478
152 163
152 358
152 409
152 312
152 302
152 239
152 465
152 455
152 322
152 367
152 488
152 385
152 195
152 343
153 407
153 361
153 396
153 461
153 413
153 336
153 221
153 468
153 280
153 411
153 479
153 390
153 231
153 328
153 463
153 296
153 450
153 364
153 394
153 250
153 308
153 175
153 337
153 451
153 378
153 442
153 205
153 454
153 487
153 403
153 189
153 160
153 470
153 171
153 340
153 211
153 213
153 259
153 423
153 478
153 163
153 358
153 409
153 302
153 239
153 465
153 322
153 367
153 347
153 457
153 385
153 195
153 343
154 342
154 444
154 445
154 392
154 264
154 301
154 355
154 234
154 183
154 365
154 381
154 495
154 386
154 295
154 434
154 498
154 290
154 235
154 427
154 482
154 283
154 379
154 360
154 458
154 370
154 406
154 419
154 285
154 269
154 416
154 188
154 157
154 473
154 371
154 228
154 453
154 474
154 417
154 400
154 398
155 293
155 459
155 311
155 331
155 484
155 286
155 436
155 278
155 249
155 251
155 496
155 184
155 196
155 199
155 256
155 323
155 261
155 275
155 415
156 481
156 197
156 307
156 477
156 460
156 350
156 258
156 329
156 274
156 480
156 464
156 243
156 356
156 497
156 428
156 335
156 303
156 247
156 166
156 354
156 279
156 475
156 282
156 422
156 393
156 493
156 265
156 410
156 421
156 270
156 420
156 288
156 246
156 233
156 330
156 326
156 351
156 334
156 214
156 320
156 325
157 386
157 295
157 434
157 498
157 290
157 235
157 427
157 482
157 283
157 379
157 360
157 204
157 458
157 370
157 406
157 419
157 285
157 269
157 188
157 473
157 371
157 228
157 453
157 474
157 440
157 417
157 268
157 400
157 398
157 222
157 333
157 462
157 180
157 158
157 293
158 370
158 419
158 285
158 188
158 473
158 371
158 228
158 453
158 474
158 440
158 417
158 268
158 400
158 398
158 401
158 222
158 333
158 462
158 180
158 293
158 309
158 494
158 376
158 447
158 341
158 306
158 286
158 215
158 278
158 249
158 251
158 300
158 241
159 374
159 230
159 267
159 345
159 167
159 220
159 486
159 382
159 439
159 359
159 227
159 209
159 263
159 179
159 317
159 187
159 313
159 297
159 165
159 177
159 446
159 448
159 186
159 206
159 430
159 266
159 471
159 339
159 291
159 404
159 456
159 276
159 452
159 315
159 191
159 273
159 169
159 185
159 176
159 395
160 280
160 411
160 479
160 390
160 231
160 328
160 463
160 296
160 364
160 298
160 190
160 250
160 308
160 338
160 451
160 349
160 327
160 359
160 378
160 442
160 454
160 487
160 403
160 179
160 189
160 172
160 470
160 165
160 340
160 272
160 211
160 259
160 423
160 348
160 163
160 208
160 358
160 332
160 347
160 457
160 195
160 343
161 429
161 401
161 222
161 462
161 207
161 344
161 164
161 248
161 309
161 494
161 284
161 352
161 245
161 376
161 491
161 485
161 447
161 341
161 387
161 306
161 437
161 425
161 299
161 292
161 181
161 173
161 193
161 241
161 449
161 372
161 216
161 492
161 435
161 483
161 368
161 489
161 223
162 286
162 215
162 278
162 249
162 251
162 300
162 241
162 449
162 216
162 368
162 196
162 305
162 242
162 260
162 261
162 374
162 441
162 424
162 230
162 219
162 310
162 267
162 294
162 345
162 167
162 220
162 467
162 373
162 319
162 486
162 432
162 382
162 439
162 227
162 209
162 263
162 317
162 187
162 313
162 177
162 446
162 448
162 430
162 339
163 250
163 308
163 451
163 378
163 442
163 454
163 487
163 403
163 189
163 470
163 340
163 272
163 211
163 259
163 423
163 348
163 478
163 358
163 409
163 332
163 302
163 239
163 465
163 322
163 367
163 347
163 457
163 385
163 195
163 343
164 438
164 497
164 335
164 247
164 210
164 440
164 429
164 357
164 282
164 401
164 265
164 222
164 270
164 207
164 344
164 248
164 494
164 284
164 352
164 326
164 245
164 376
164 491
164 485
164 341
164 387
164 306
164 253
164 437
164 425
164 292
164 193
165 223
165 441
165 219
165 364
165 294
165 238
165 298
165 190
165 220
165 467
165 338
165 486
165 451
165 349
165 327
165 359
165 378
165 227
165 454
165 487
165 179
165 189
165 172
165 313
165 297
165 186
165 206
165 272
165 430
165 266
165 259
165 423
165 291
165 348
165 456
165 208
165 358
165 332
165 191
165 169
165 347
165 457
165 176
165 395
166 402
166 388
166 197
166 168
166 229
166 254
166 307
166 477
166 350
166 346
166 258
166 329
166 274
166 480
166 464
166 243
166 356
166 428
166 303
166 354
166 279
166 475
166 422
166 393
166 493
166 410
166 380
166 421
166 420
166 288
166 330
166 224
166 351
166 214
166 383
167 215
167 300
167 241
167 449
167 216
167 368
167 196
167 305
167 242
167 260
167 374
167 441
167 424
167 230
167 219
167 310
167 267
167 294
167 345
167 220
167 467
167 373
167 319
167 486
167 432
167 382
167 327
167 439
167 359
167 227
167 209
167 263
167 317
167 187
167 313
167 297
167 177
167 446
167 448
167 186
167 206
167 430
167 266
167 471
167 339
167 291
167 456
167 276
167 191
168 240
168 217
168 353
168 321
168 433
168 500
168 182
168 389
168 203
168 402
168 388
168 481
168 197
168 229
168 254
168 307
168 477
168 350
168 346
168 258
168 329
168 274
168 480
168 464
168 243
168 356
168 428
168 303
168 354
168 279
169 486
169 327
169 359
169 227
169 179
169 172
169 313
169 297
169 177
169 446
169 448
169 186
169 206
169 272
169 430
169 266
169 339
169 291
169 348
169 456
169 276
169 208
169 332
169 191
169 185
169 176
169 395
170 420
170 288
170 233
170 330
170 224
170 351
170 334
170 214
170 383
170 320
170 325
170 237
170 418
170 225
170 476
170 369
170 396
170 461
170 413
170 244
170 336
170 221
170 468
170 463
170 450
170 394
170 443
170 289
170 362
170 175
171 450
171 394
171 443
171 289
171 362
171 175
171 337
171 262
171 397
171 205
171 277
171 408
171 403
171 470
171 213
171 316
171 198
171 478
171 409
171 312
171 302
171 239
171 465
171 455
171 257
171 322
171 367
171 488
171 426
171 385
172 489
172 231
172 223
172 441
172 219
172 364
172 294
172 238
172 298
172 190
172 220
172 467
172 338
172 486
172 451
172 349
172 327
172 359
172 378
172 454
172 487
172 179
172 189
172 313
172 297
172 186
172 340
172 206
172 272
172 430
172 266
172 259
172 423
172 291
172 348
172 208
172 358
172 332
172 191
172 347
172 457
172 176
172 395
173 207
173 344
173 309
173 494
173 284
173 245
173 376
173 491
173 485
173 447
173 341
173 387
173 306
173 437
173 215
173 425
173 299
173 292
173 300
173 181
173 193
173 241
173 449
173 372
173 216
173 492
173 435
173 483
173 368
173 305
173 242
173 489
173 260
173 223
173 441
173 219
173 294
173 238
173 298
173 190
173 220
173 467
173 338
174 412
174 377
174 384
174 218
174 255
174 469
174 192
174 318
174 366
174 212
174 434
174 252
174 460
174 427
174 414
174 281
174 269
174 438
174 497
174 416
174 335
174 371
174 453
174 247
174 210
174 429
174 357
174 282
174 401
174 265
175 396
175 413
175 244
175 468
175 463
175 450
175 394
175 443
175 289
175 308
175 362
175 337
175 262
175 397
175 205
175 277
175 408
175 470
175 213
175 316
175 198
175 478
175 409
175 312
175 302
175 239
175 465
175 455
175 257
176 327
176 359
176 179
176 313
176 297
176 448
176 186
176 206
176 272
176 430
176 266
176 291
176 348
176 456
176 276
176 208
176 332
176 191
176 347
176 395
177 374
177 424
177 230
177 310
177 267
177 345
177 220
177 373
177 319
177 486
177 432
177 466
177 382
177 439
177 314
177 227
177 209
177 263
177 317
177 187
177 178
177 313
177 297
177 446
177 448
177 186
177 236
177 405
177 206
177 430
177 266
177 287
177 232
177 471
177 339
177 291
177 404
177 456
177 276
177 304
177 452
177 315
177 191
177 273
177 185
178 256
178 323
178 261
178 275
178 424
178 415
178 310
178 373
178 319
178 432
178 466
178 382
178 439
178 314
178 209
178 263
178 317
178 187
178 446
178 236
178 405
178 287
178 232
178 471
178 339
178 404
178 304
178 452
178 315
178 273
178 185
179 489
179 231
179 223
179 441
179 219
179 364
179 294
179 238
179 298
179 190
179 220
179 467
179 338
179 486
179 451
179 349
179 327
179 359
179 378
179 227
179 454
179 487
179 189
179 313
179 297
179 186
179 206
179 272
179 430
179 266
179 259
179 423
179 291
179 348
179 208
179 358
179 332
179 191
179 347
179 395
180 360
180 458
180 370
180 406
180 419
180 188
180 473
180 228
180 474
180 440
180 417
180 268
180 400
180 398
180 222
180 333
180 462
180 293
180 309
180 459
180 311
180 447
180 331
180 484
180 286
180 215
180 278
180 249
180 251
180 300
181 462
181 207
181 344
181 309
181 494
181 284
181 245
181 376
181 491
181 485
181 447
181 341
181 387
181 306
181 437
181 215
181 425
181 299
181 292
181 300
181 193
181 241
181 449
181 372
181 216
181 492
181 435
181 483
181 368
181 305
181 242
181 489
181 260
181 223
181 441
181 219
181 294
181 238
181 298
181 220
181 467
181 338
182 240
182 217
182 353
182 321
182 433
182 500
182 389
182 203
182 402
182 388
182 481
182 197
182 229
182 254
182 307
182 477
182 350
182 346
182 258
182 329
182 274
182 480
182 464
182 243
182 356
182 428
183 431
183 375
183 324
183 399
183 391
183 472
183 342
183 226
183 412
183 444
183 194
183 445
183 392
183 264
183 234
183 386
183 318
183 434
183 252
183 498
183 235
183 427
183 482
183 283
183 281
183 370
183 285
183 269
183 416
183 371
184 293
184 459
184 311
184 331
184 484
184 286
184 436
184 278
184 249
184 251
184 496
184 196
184 199
184 256
184 323
184 261
184 275
184 424
184 415
184 310
184 373
184 319
184 432
184 466
185 382
185 439
185 227
185 209
185 263
185 317
185 187
185 313
185 446
185 448
185 236
185 405
185 430
185 287
185 232
185 471
185 339
185 291
185 404
185 456
185 276
185 304
185 452
185 315
185 191
185 273
186 223
186 441
186 219
186 267
186 294
186 238
186 298
186 190
186 220
186 467
186 338
186 486
186 349
186 327
186 359
186 227
186 454
186 263
186 313
186 297
186 446
186 448
186 206
186 272
186 430
186 266
186 291
186 348
186 456
186 276
186 208
186 332
186 191
186 395
187 196
187 256
187 323
187 261
187 374
187 275
187 424
187 230
187 415
187 310
187 267
187 345
187 373
187 319
187 486
187 432
187 466
187 382
187 439
187 314
187 227
187 209
187 263
187 317
187 313
187 446
187 448
187 236
187 405
187 430
187 287
187 232
187 471
187 339
187 291
187 404
187 456
187 276
187 304
187 452
187 315
187 191
187 273
188 495
188 386
188 295
188 498
188 290
188 235
188 482
188 283
188 379
188 360
188 204
188 458
188 370
188 406
188 419
188 285
188 269
188 473
188 228
188 474
188 417
188 268
188 400
188 398
188 333
188 293
189 489
189 280
189 411
189 479
189 390
189 231
189 328
189 463
189 296
189 364
189 298
189 190
189 250
189 308
189 338
189 451
189 349
189 327
189 359
189 378
189 442
189 454
189 487
189 403
189 470
189 340
189 272
189 211
189 259
189 423
189 348
189 208
189 358
189 332
189 347
189 457
189 195
190 425
190 292
190 193
190 372
190 492
190 435
190 483
190 368
190 363
190 407
190 361
190 489
190 280
190 411
190 479
190 390
190 231
190 328
190 223
190 296
190 441
190 219
190 364
190 294
190 238
190 298
190 250
190 467
190 338
190 451
190 349
190 327
190 359
190 378
190 442
190 454
190 487
190 297
190 340
190 272
190 259
190 423
190 348
190 208
190 358
190 332
191 220
191 486
191 327
191 359
191 227
191 263
191 313
191 297
191 446
191 448
191 206
191 430
191 266
191 471
191 339
191 291
191 404
191 456
191 276
191 208
191 452
191 315
191 273
191 395
192 499
192 201
192 217
192 433
192 377
192 202
192 500
192 384
192 218
192 255
192 389
192 203
192 402
192 469
192 481
192 197
192 366
192 212
192 307
192 460
192 414
192 258
192 274
192 480
192 356
192 438
192 497
192 335
192 247
193 207
193 344
193 248
193 494
193 284
193 352
193 245
193 376
193 491
193 485
193 341
193 387
193 306
193 253
193 437
193 425
193 299
193 292
193 449
193 372
193 216
193 492
193 435
193 483
193 368
193 363
193 407
193 361
193 489
193 411
193 479
193 390
193 231
193 223
193 441
193 219
193 364
193 294
193 238
193 298
193 467
193 338
194 431
194 375
194 324
194 399
194 391
194 472
194 490
194 226
194 412
194 444
194 445
194 392
194 264
194 234
194 386
194 318
194 434
194 252
194 498
194 235
194 427
195 442
195 487
195 403
195 470
195 340
195 272
195 211
195 259
195 423
195 348
195 478
195 358
195 409
195 332
195 302
195 239
195 465
195 322
195 367
195 347
195 457
195 385
195 343
196 331
196 484
196 286
196 215
196 436
196 278
196 249
196 251
196 300
196 496
196 241
196 216
196 199
196 305
196 242
196 260
196 256
196 323
196 261
196 374
196 275
196 424
196 230
196 415
196 310
196 267
196 345
196 373
196 319
196 432
196 466
196 382
196 439
196 314
196 209
196 263
196 317
197 240
197 217
197 353
197 321
197 433
197 202
197 500
197 389
197 203
197 402
197 388
197 481
197 229
197 254
197 307
197 477
197 460
197 350
197 346
197 258
197 329
197 274
197 480
197 464
197 243
197 356
197 428
197 303
197 354
197 279
198 450
198 443
198 289
198 362
198 337
198 262
198 397
198 205
198 277
198 408
198 213
198 316
198 478
198 409
198 312
198 302
198 239
198 465
198 455
198 257
198 322
198 367
198 488
198 426
198 385
199 331
199 484
199 436
199 278
199 249
199 251
199 496
199 256
199 323
199 261
199 275
199 424
199 415
199 310
199 373
199 319
199 432
199 466
199 382
199 439
199 314
199 209
200 271
200 431
200 472
200 342
200 445
200 392
200 301
200 355
200 365
200 381
200 495
200 386
200 295
200 290
200 379
201 399
201 391
201 490
201 499
201 217
201 433
201 412
201 377
201 202
201 384
201 218
201 255
201 389
201 203
201 469
201 481
201 366
201 212
201 460
201 414
202 490
202 499
202 217
202 353
202 433
202 377
202 500
202 384
202 218
202 255
202 389
202 203
202 402
202 469
202 481
202 366
202 212
202 307
202 460
202 414
202 258
203 240
203 217
203 353
203 433
203 500
203 384
203 218
203 255
203 389
203 402
203 469
203 481
203 254
203 212
203 307
203 477
203 460
203 414
203 350
203 258
203 274
203 480
203 464
203 356
203 497
203 247
204 301
204 355
204 365
204 381
204 495
204 295
204 290
204 482
204 283
204 379
204 360
204 458
204 406
204 419
204 228
204 474
204 268
204 400
205 396
205 413
205 244
205 221
205 468
205 328
205 463
205 296
205 450
205 394
205 443
205 289
205 250
205 308
205 362
205 337
205 262
205 397
205 442
205 277
205 408
205 403
205 470
205 211
205 213
205 316
205 478
205 409
205 312
205 302
205 239
205 465
205 455
205 257
205 322
205 367
205 488
205 426
205 385
206 223
206 441
206 219
206 267
206 294
206 238
206 298
206 220
206 467
206 338
206 486
206 349
206 327
206 359
206 227
206 454
206 263
206 313
206 297
206 446
206 448
206 272
206 430
206 266
206 291
206 348
206 456
206 276
206 208
206 332
206 395
207 281
207 269
207 438
207 416
207 335
207 371
207 453
207 210
207 440
207 429
207 357
207 401
207 265
207 222
207 270
207 462
207 344
207 248
207 309
207 494
207 284
207 352
207 245
207 376
207 491
207 485
207 341
207 387
207 306
207 437
207 425
207 299
208 294
208 238
208 298
208 467
208 338
208 451
208 349
208 327
208 359
208 378
208 454
208 487
208 313
208 297
208 340
208 272
208 430
208 266
208 259
208 423
208 291
208 348
208 358
208 332
208 347
208 457
208 395
209 256
209 323
209 261
209 374
209 275
209 424
209 230
209 415
209 310
209 267
209 345
209 373
209 319
209 486
209 432
209 466
209 382
209 439
209 314
209 227
209 263
209 317
209 313
209 446
209 448
209 236
209 405
209 430
209 287
209 232
209 471
209 339
209 404
209 456
209 276
209 304
209 452
209 315
209 273
210 318
210 434
210 252
210 498
210 235
210 427
210 281
210 370
210 285
210 269
210 438
210 416
210 335
210 473
210 371
210 453
210 440
210 417
210 429
210 357
210 401
210 222
210 462
210 344
210 309
210 494
210 284
210 245
210 376
210 491
210 341
211 328
211 463
211 296
211 250
211 308
211 451
211 378
211 442
211 454
211 487
211 403
211 470
211 340
211 272
211 213
211 259
211 423
211 348
211 478
211 358
211 409
211 332
211 302
211 239
211 465
211 322
211 367
211 347
211 457
211 385
211 343
212 490
212 499
212 412
212 377
212 384
212 218
212 255
212 389
212 402
212 469
212 481
212 366
212 307
212 252
212 460
212 414
212 258
212 480
212 438
212 497
212 335
212 247
212 357
212 282
213 450
213 394
213 443
213 289
213 362
213 337
213 262
213 397
213 277
213 408
213 403
213 470
213 316
213 478
213 409
213 312
213 302
213 239
213 465
213 455
213 257
213 322
213 367
213 488
213 426
213 385
213 343
214 354
214 279
214 475
214 422
214 393
214 493
214 410
214 380
214 421
214 420
214 288
214 246
214 233
214 330
214 224
214 326
214 351
214 334
214 383
214 320
214 325
214 237
214 253
214 418
214 225
214 476
214 369
214 396
214 413
214 244
214 468
215 333
215 462
215 309
215 494
215 376
215 447
215 341
215 306
215 437
215 484
215 286
215 278
215 249
215 299
215 251
215 300
215 241
215 449
215 372
215 216
215 492
215 435
215 368
215 305
215 242
215 260
215 374
215 424
215 230
215 267
215 345
216 309
216 494
216 376
216 447
216 341
216 306
216 437
216 286
216 278
216 249
216 299
216 251
216 300
216 241
216 449
216 372
216 492
216 435
216 368
216 305
216 242
216 260
216 223
216 374
216 441
216 424
216 230
216 219
216 267
216 294
216 238
216 345
216 220
216 467
216 338
216 486
216 227
217 240
217 353
217 321
217 433
217 500
217 384
217 389
217 402
217 481
217 229
217 254
217 307
217 477
218 399
218 391
218 490
218 499
218 433
218 412
218 377
218 384
218 255
218 389
218 469
218 481
218 318
218 366
218 307
218 252
218 460
218 414
218 438
218 497
218 335
219 299
219 241
219 449
219 372
219 492
219 435
219 368
219 305
219 242
219 489
219 260
219 231
219 223
219 374
219 441
219 230
219 364
219 267
219 294
219 238
219 298
219 345
219 220
219 467
219 338
219 486
219 349
219 327
219 359
219 227
219 454
219 313
219 297
219 272
219 430
219 266
219 291
220 299
220 300
220 241
220 449
220 372
220 492
220 435
220 368
220 305
220 242
220 260
220 223
220 374
220 441
220 424
220 230
220 267
220 294
220 238
220 298
220 345
220 467
220 338
220 486
220 349
220 327
220 359
220 227
220 263
220 313
220 297
220 446
220 448
220 430
220 266
220 291
220 456
220 276
221 334
221 320
221 325
221 237
221 253
221 418
221 425
221 225
221 292
221 476
221 369
221 483
221 363
221 407
221 361
221 396
221 461
221 413
221 244
221 336
221 468
221 280
221 411
221 479
221 390
221 231
221 328
221 463
221 296
221 450
221 364
221 394
221 250
221 308
221 451
221 378
221 442
221 403
222 498
222 235
222 427
222 281
222 370
222 285
222 269
222 416
222 473
222 371
222 453
222 440
222 417
222 429
222 398
222 401
222 333
222 462
222 344
222 309
222 494
222 284
222 245
222 376
222 491
222 485
222 447
222 341
222 306
222 437
223 437
223 299
223 292
223 241
223 449
223 372
223 492
223 435
223 483
223 368
223 363
223 305
223 242
223 489
223 260
223 390
223 231
223 441
223 364
223 267
223 294
223 238
223 298
223 467
223 338
223 486
223 451
223 349
223 327
223 359
223 378
223 227
223 454
223 313
223 297
223 272
223 266
224 428
224 303
224 354
224 279
224 422
224 493
224 410
224 380
224 420
224 288
224 330
224 351
224 383
224 325
224 237
224 418
225 421
225 420
225 288
225 248
225 246
225 233
225 352
225 326
225 334
225 320
225 325
225 237
225 253
225 418
225 425
225 292
225 476
225 369
225 483
225 363
225 407
225 361
225 396
225 461
225 413
225 244
225 336
225 468
225 280
225 411
225 479
225 390
225 231
225 328
225 463
225 296
225 250
225 308
226 375
226 324
226 399
226 391
226 472
226 490
226 499
226 412
226 377
226 444
226 264
226 234
226 318
226 366
226 434
226 252
226 498
226 235
226 427
227 305
227 242
227 260
227 374
227 441
227 424
227 230
227 310
227 267
227 294
227 238
227 345
227 467
227 373
227 338
227 486
227 382
227 327
227 439
227 359
227 263
227 317
227 313
227 297
227 446
227 448
227 430
227 266
227 471
227 339
227 291
227 404
227 456
227 276
227 452
227 315
227 273
228 365
228 381
228 495
228 295
228 290
228 235
228 482
228 283
228 379
228 360
228 458
228 370
228 406
228 419
228 473
228 474
228 417
228 268
228 400
228 398
228 333
228 293
229 240
229 353
229 321
229 500
229 389
229 402
229 388
229 254
229 477
229 350
229 346
229 329
229 274
229 480
229 464
229 243
229 356
229 428
229 303
229 354
229 279
230 286
230 278
230 249
230 251
230 300
230 241
230 449
230 368
230 305
230 242
230 260
230 261
230 374
230 441
230 424
230 310
230 267
230 294
230 345
230 467
230 373
230 319
230 486
230 432
230 466
230 382
230 439
230 263
230 317
230 313
230 297
230 446
230 448
230 430
230 471
230 339
230 291
230 456
230 276
231 425
231 292
231 369
231 372
231 492
231 435
231 483
231 363
231 407
231 361
231 461
231 336
231 468
231 489
231 280
231 411
231 479
231 390
231 328
231 463
231 296
231 364
231 294
231 238
231 298
231 250
231 308
231 338
231 451
231 349
231 327
231 359
231 378
231 442
231 454
231 487
231 403
231 340
231 272
231 259
231 423
232 256
232 323
232 261
232 275
232 424
232 415
232 310
232 373
232 319
232 432
232 466
232 382
232 439
232 314
232 263
232 317
232 446
232 448
232 236
232 405
232 287
232 471
232 339
232 404
232 276
232 304
232 452
232 315
232 273
233 475
233 282
233 393
233 493
233 265
233 410
233 421
233 270
233 420
233 288
233 248
233 246
233 330
233 352
233 326
233 351
233 334
233 383
233 320
233 325
233 237
233 253
233 418
233 476
233 369
233 396
234 431
234 375
234 324
234 399
234 472
234 342
234 444
234 445
234 392
234 264
234 386
234 318
234 434
234 252
234 498
234 235
234 427
234 482
234 283
234 370
234 285
234 269
234 473
235 472
235 444
235 445
235 392
235 264
235 386
235 318
235 434
235 252
235 498
235 290
235 427
235 482
235 283
235 379
235 360
235 281
235 458
235 370
235 406
235 419
235 285
235 269
235 416
235 473
235 371
235 453
235 474
235 440
235 417
236 256
236 323
236 261
236 275
236 424
236 415
236 310
236 373
236 319
236 432
236 466
236 382
236 439
236 314
236 263
236 317
236 446
236 405
236 287
236 471
236 339
236 404
236 304
236 452
236 315
236 273
237 475
237 422
237 393
237 493
237 410
237 380
237 421
237 420
237 288
237 246
237 330
237 326
237 351
237 334
237 383
237 320
237 325
237 253
237 418
237 476
237 369
237 396
237 461
237 413
237 244
237 336
237 468
238 299
238 449
238 372
238 492
238 435
238 483
238 368
238 305
238 242
238 489
238 260
238 390
238 441
238 364
238 267
238 294
238 298
238 467
238 338
238 486
238 451
238 349
238 327
238 359
238 378
238 454
238 313
238 297
238 272
238 266
238 291
238 348
239 337
239 262
239 397
239 277
239 408
239 403
239 470
239 316
239 478
239 409
239 312
239 302
239 465
239 455
239 257
239 322
239 367
239 488
239 426
239 385
239 343
240 353
240 321
240 433
240 500
240 389
240 402
240 388
240 481
240 254
240 477
240 350
241 309
241 494
241 376
241 447
241 341
241 306
241 437
241 286
241 278
241 249
241 299
241 251
241 300
241 449
241 372
241 492
241 435
241 368
241 305
241 242
241 260
241 374
241 441
241 424
241 267
241 294
241 345
241 467
241 486
242 447
242 341
242 306
242 286
242 278
242 249
242 299
242 251
242 300
242 449
242 372
242 492
242 435
242 368
242 305
242 260
242 374
242 441
242 424
242 310
242 267
242 294
242 345
242 467
242 373
242 338
242 486
242 327
242 263
243 500
243 389
243 402
243 388
243 481
243 254
243 307
243 477
243 350
243 346
243 258
243 329
243 274
243 480
243 464
243 356
243 428
243 303
243 354
243 279
243 475
243 422
243 493
243 410
243 380
243 420
244 351
244 383
244 320
244 325
244 418
244 476
244 369
244 361
244 396
244 461
244 413
244 336
244 468
244 280
244 328
244 463
244 296
244 450
244 394
244 443
244 289
244 250
244 308
244 362
244 337
244 262
244 397
244 277
245 440
245 429
245 357
245 401
245 265
245 462
245 344
245 248
245 309
245 494
245 284
245 352
245 376
245 491
245 485
245 447
245 341
245 387
245 306
245 437
245 425
245 299
245 292
245 449
245 372
245 492
245 435
245 368
246 247
246 475
246 357
246 282
246 393
246 493
246 265
246 410
246 421
246 270
246 420
246 288
246 248
246 330
246 352
246 326
246 351
246 334
246 320
246 325
246 387
246 253
246 418
246 425
246 292
246 476
246 369
246 361
247 255
247 469
247 481
247 366
247 307
247 460
247 414
247 258
247 274
247 480
247 356
247 438
247 497
247 335
247 475
247 429
247 357
247 282
247 393
247 265
247 421
247 270
247 344
247 248
247 352
247 326
248 438
248 497
248 335
248 429
248 357
248 282
248 393
248 401
248 265
248 421
248 270
248 344
248 284
248 352
248 326
248 334
248 376
248 491
248 485
248 320
248 387
248 253
248 437
248 425
248 292
248 483
249 333
249 293
249 459
249 311
249 447
249 331
249 484
249 286
249 436
249 278
249 251
249 300
249 496
249 305
249 260
249 256
249 261
249 374
249 424
249 310
249 345
249 373
250 476
250 369
250 483
250 363
250 407
250 361
250 396
250 461
250 413
250 336
250 468
250 280
250 411
250 479
250 390
250 328
250 463
250 296
250 450
250 364
250 394
250 308
250 337
250 451
250 378
250 442
250 454
250 487
250 403
250 470
250 340
250 259
250 423
251 293
251 459
251 311
251 447
251 331
251 484
251 286
251 436
251 278
251 300
251 496
251 305
251 256
251 323
251 261
251 374
251 275
251 424
251 310
251 345
251 373
251 319
252 324
252 399
252 391
252 490
252 499
252 412
252 377
252 264
252 255
252 469
252 318
252 366
252 434
252 498
252 427
252 414
252 281
252 285
252 269
252 438
252 416
252 335
252 371
252 453
252 440
252 429
252 401
253 357
253 282
253 393
253 265
253 421
253 270
253 420
253 288
253 352
253 326
253 334
253 485
253 320
253 325
253 387
253 418
253 425
253 292
253 476
253 369
253 483
253 363
253 407
253 361
253 396
253 461
253 413
253 336
253 468
253 280
253 411
253 479
253 390
253 328
254 353
254 321
254 433
254 500
254 389
254 402
254 388
254 481
254 307
254 477
254 350
254 346
254 258
254 329
254 274
254 480
254 464
254 356
254 428
254 303
254 354
254 279
255 391
255 490
255 499
255 433
255 412
255 377
255 384
255 389
255 402
255 469
255 481
255 366
255 307
255 460
255 414
255 258
255 438
255 497
255 335
256 331
256 484
256 436
256 278
256 496
256 323
256 261
256 275
256 424
256 415
256 310
256 373
256 319
256 432
256 466
256 382
256 439
256 314
256 317
256 405
256 287
257 337
257 262
257 397
257 277
257 408
257 316
257 478
257 409
257 312
257 302
257 465
257 455
257 322
257 367
257 488
257 426
257 385
258 433
258 500
258 384
258 389
258 402
258 469
258 481
258 307
258 477
258 460
258 414
258 350
258 329
258 274
258 480
258 464
258 356
258 438
258 497
258 428
258 335
258 303
258 354
258 475
258 282
258 393
258 493
258 410
258 421
258 420
259 296
259 364
259 308
259 451
259 349
259 378
259 442
259 454
259 487
259 403
259 470
259 340
259 272
259 423
259 348
259 358
259 332
259 347
259 457
259 395
259 343
260 286
260 299
260 300
260 449
260 372
260 492
260 435
260 368
260 305
260 374
260 441
260 424
260 310
260 267
260 294
260 298
260 345
260 467
260 373
260 338
260 486
260 382
260 327
260 359
260 263
260 313
260 297
260 448
261 484
261 436
261 278
261 496
261 323
261 374
261 275
261 424
261 415
261 310
261 345
261 373
261 319
261 432
261 466
261 382
261 439
261 314
261 263
261 317
261 405
261 287
262 413
262 463
262 450
262 394
262 443
262 289
262 362
262 337
262 397
262 277
262 408
262 470
262 316
262 478
262 409
262 312
262 302
262 465
262 455
262 367
262 488
262 426
263 305
263 374
263 424
263 310
263 267
263 345
263 373
263 319
263 486
263 432
263 466
263 382
263 439
263 314
263 317
263 313
263 297
263 446
263 448
263 405
263 430
263 266
263 287
263 471
263 339
263 291
263 404
263 456
263 276
263 452
263 315
263 273
264 431
264 375
264 324
264 399
264 472
264 342
264 444
264 445
264 392
264 386
264 318
264 434
264 498
264 427
264 482
264 283
264 370
264 285
264 269
265 460
265 414
265 438
265 497
265 335
265 475
265 429
265 357
265 282
265 393
265 401
265 421
265 270
265 344
265 288
265 284
265 352
265 326
265 334
265 491
265 485
265 387
266 441
266 267
266 294
266 298
266 467
266 338
266 486
266 349
266 327
266 359
266 454
266 313
266 297
266 446
266 448
266 272
266 430
266 291
266 348
266 456
266 276
266 332
266 395
267 300
267 449
267 368
267 305
267 374
267 441
267 424
267 310
267 294
267 345
267 467
267 373
267 338
267 486
267 432
267 382
267 327
267 439
267 359
267 317
267 313
267 297
267 446
267 448
267 430
267 339
267 291
267 456
267 276
268 290
268 482
268 283
268 379
268 360
268 458
268 406
268 419
268 473
268 474
268 417
268 400
268 398
268 333
268 293
268 459
268 311
268 331
268 484
269 318
269 434
269 498
269 427
269 482
269 283
269 281
269 370
269 285
269 416
269 473
269 371
269 453
269 440
269 417
269 429
269 401
269 462
269 309
269 494
270 414
270 438
270 497
270 335
270 475
270 429
270 357
270 282
270 393
270 421
270 420
270 344
270 288
270 352
270 326
270 334
270 485
270 320
270 325
270 387
270 425
270 292
271 431
271 472
271 342
271 445
271 392
271 301
271 355
271 365
271 381
271 495
271 386
271 295
272 364
272 294
272 298
272 467
272 338
272 451
272 349
272 327
272 359
272 378
272 442
272 454
272 487
272 403
272 297
272 340
272 423
272 348
272 358
272 332
272 347
272 457
272 395
273 373
273 319
273 432
273 466
273 382
273 439
273 314
273 317
273 313
273 446
273 448
273 405
273 430
273 287
273 471
273 339
273 291
273 404
273 456
273 276
273 304
273 452
273 315
274 500
274 389
274 402
274 481
274 307
274 477
274 460
274 350
274 346
274 329
274 480
274 464
274 356
274 497
274 428
274 303
274 354
274 279
274 475
274 282
274 422
274 393
274 493
274 410
274 421
274 420
275 436
275 496
275 323
275 424
275 415
275 310
275 373
275 319
275 432
275 466
275 382
275 439
275 314
275 317
275 405
275 287
276 345
276 486
276 382
276 439
276 317
276 313
276 297
276 446
276 448
276 430
276 471
276 339
276 291
276 404
276 456
276 452
276 315
277 450
277 394
277 443
277 289
277 362
277 337
277 397
277 408
277 470
277 316
277 478
277 409
277 312
277 302
277 465
277 455
277 322
277 367
277 488
277 426
277 385
278 333
278 293
278 459
278 311
278 447
278 331
278 484
278 286
278 436
278 300
278 496
278 305
278 323
278 374
278 424
278 310
278 373
279 477
279 350
279 346
279 329
279 480
279 464
279 356
279 428
279 303
279 354
279 475
279 422
279 393
279 493
279 410
279 380
279 420
279 288
279 330
279 351
279 383
280 320
280 418
280 425
280 292
280 476
280 369
280 483
280 363
280 407
280 361
280 396
280 461
280 413
280 336
280 468
280 489
280 411
280 479
280 390
280 328
280 463
280 296
280 450
280 364
280 394
280 308
280 451
280 378
280 442
280 487
280 403
281 412
281 469
281 318
281 366
281 434
281 498
281 427
281 414
281 370
281 285
281 438
281 416
281 335
281 371
281 453
281 440
281 429
281 357
281 401
281 344
282 307
282 460
282 414
282 480
282 356
282 438
282 497
282 335
282 475
282 429
282 357
282 393
282 493
282 421
282 420
282 288
282 352
282 326
282 334
282 320
282 325
283 342
283 444
283 445
283 392
283 301
283 355
283 365
283 381
283 495
283 386
283 295
283 434
283 498
283 290
283 427
283 482
283 379
283 360
283 458
283 370
283 406
283 419
283 285
283 473
283 371
283 474
283 417
283 400
283 398
283 333
284 453
284 440
284 429
284 357
284 401
284 462
284 344
284 309
284 494
284 352
284 376
284 491
284 485
284 447
284 341
284 387
284 306
284 437
284 425
284 299
284 292
284 449
284 372
284 492
284 435
284 368
285 318
285 434
285 498
285 427
285 482
285 370
285 416
285 473
285 371
285 453
285 440
285 417
285 401
285 333
285 462
285 309
285 494
286 400
286 398
286 333
286 462
286 293
286 309
286 447
286 341
286 306
286 331
286 484
286 436
286 299
286 300
286 496
286 449
286 305
286 374
286 424
287 323
287 424
287 415
287 310
287 373
287 319
287 432
287 466
287 382
287 439
287 314
287 317
287 446
287 405
287 471
287 339
287 404
287 304
287 452
287 315
288 480
288 356
288 354
288 475
288 422
288 393
288 493
288 410
288 421
288 420
288 330
288 352
288 326
288 351
288 334
288 383
288 320
288 325
288 418
288 476
288 369
289 413
289 450
289 394
289 443
289 362
289 337
289 397
289 408
289 316
290 342
290 445
290 392
290 301
290 355
290 365
290 381
290 495
290 386
290 295
290 482
290 379
290 360
290 458
290 370
290 406
290 419
290 473
290 474
290 417
290 400
290 398
291 441
291 294
291 345
291 467
291 338
291 486
291 327
291 359
291 313
291 297
291 446
291 448
291 430
291 471
291 339
291 456
291 315
291 395
292 344
292 352
292 326
292 491
292 485
292 387
292 437
292 425
292 369
292 372
292 492
292 435
292 483
292 368
292 363
292 407
292 361
292 461
292 336
292 489
292 411
292 479
292 390
292 328
292 296
292 364
293 458
293 406
293 419
293 474
293 417
293 400
293 398
293 333
293 459
293 311
293 447
293 331
293 484
293 436
293 496
294 299
294 449
294 372
294 492
294 435
294 368
294 305
294 489
294 390
294 374
294 441
294 364
294 298
294 345
294 467
294 338
294 486
294 451
294 349
294 327
294 359
294 454
294 313
294 297
294 430
295 431
295 342
295 445
295 392
295 301
295 355
295 365
295 381
295 495
295 386
295 482
295 379
295 360
295 458
295 406
295 419
295 474
296 425
296 476
296 369
296 483
296 363
296 407
296 361
296 396
296 461
296 413
296 336
296 468
296 489
296 411
296 479
296 390
296 328
296 463
296 364
296 394
296 308
296 451
296 349
296 378
296 442
296 454
296 487
296 403
296 470
296 340
296 423
297 441
297 298
297 345
297 467
297 338
297 486
297 349
297 327
297 359
297 454
297 313
297 446
297 448
297 430
297 348
297 456
297 332
297 395
298 299
298 449
298 372
298 492
298 435
298 483
298 368
298 363
298 489
298 411
298 479
298 390
298 441
298 364
298 467
298 338
298 486
298 451
298 349
298 327
298 359
298 378
298 454
298 487
298 348
298 332
299 462
299 344
299 309
299 494
299 376
299 491
299 485
299 447
299 341
299 387
299 306
299 437
299 300
299 449
299 372
299 492
299 435
299 368
299 305
299 489
299 441
299 467
300 333
300 462
300 309
300 494
300 376
300 447
300 341
300 306
300 437
300 484
300 449
300 372
300 492
300 435
300 368
300 305
300 374
300 441
300 424
300 345
300 486
301 431
301 472
301 342
301 445
301 392
301 355
301 365
301 381
301 495
301 386
301 482
301 379
301 360
301 458
301 406
301 419
302 337
302 397
302 408
302 403
302 470
302 316
302 478
302 409
302 312
302 465
302 455
302 322
302 367
302 488
302 426
302 385
302 343
303 388
303 477
303 350
303 346
303 329
303 480
303 464
303 356
303 428
303 354
303 475
303 422
303 493
303 410
303 380
303 420
303 330
303 351
304 319
304 432
304 466
304 382
304 439
304 314
304 317
304 446
304 405
304 471
304 339
304 404
304 452
304 315
305 447
305 306
305 449
305 372
305 492
305 435
305 368
305 374
305 441
305 424
305 310
305 345
305 467
305 373
305 486
305 382
305 439
306 440
306 401
306 333
306 462
306 344
306 309
306 494
306 376
306 491
306 485
306 447
306 341
306 387
306 437
306 449
306 372
306 492
306 435
306 368
307 353
307 433
307 500
307 384
307 389
307 402
307 469
307 481
307 477
307 460
307 414
307 350
307 480
307 464
307 356
307 497
307 335
307 475
307 393
308 476
308 369
308 483
308 363
308 407
308 361
308 396
308 461
308 413
308 336
308 468
308 411
308 479
308 390
308 328
308 463
308 450
308 364
308 394
308 337
308 451
308 378
308 442
308 454
308 487
308 403
308 470
308 340
308 423
309 416
309 473
309 371
309 453
309 440
309 417
309 398
309 401
309 333
309 462
309 344
309 494
309 376
309 491
309 485
309 447
309 341
309 437
309 449
310 436
310 496
310 323
310 374
310 424
310 415
310 345
310 373
310 319
310 486
310 432
310 466
310 382
310 439
310 314
310 317
310 446
310 448
310 405
310 471
310 339
310 404
311 474
311 400
311 398
311 459
311 331
311 484
311 436
311 496
312 443
312 362
312 337
312 397
312 408
312 470
312 316
312 478
312 409
312 465
312 455
312 322
312 367
312 488
312 426
312 385
312 343
313 374
313 441
313 345
313 467
313 338
313 486
313 327
313 439
313 359
313 317
313 446
313 448
313 430
313 471
313 339
313 404
313 456
313 315
313 395
314 323
314 424
314 415
314 345
314 373
314 319
314 432
314 466
314 382
314 439
314 317
314 446
314 405
314 471
314 339
314 404
314 452
314 315
315 373
315 319
315 432
315 466
315 382
315 439
315 317
315 446
315 448
315 405
315 430
315 471
315 339
315 404
315 456
315 452
316 450
316 394
316 443
316 362
316 337
316 397
316 408
316 470
316 478
316 409
316 465
316 455
316 322
316 367
316 488
316 426
316 385
317 323
317 374
317 424
317 415
317 345
317 373
317 319
317 486
317 432
317 466
317 382
317 439
317 446
317 448
317 405
317 430
317 471
317 339
317 404
317 456
317 452
318 324
318 399
318 391
318 490
318 499
318 412
318 377
318 444
318 469
318 366
318 434
318 498
318 427
318 414
318 416
318 371
318 453
319 496
319 323
319 374
319 424
319 415
319 345
319 373
319 432
319 466
319 382
319 439
319 446
319 405
319 471
319 339
319 404
319 452
320 475
320 393
320 493
320 410
320 421
320 420
320 330
320 352
320 326
320 351
320 334
320 383
320 325
320 418
320 425
320 476
320 369
320 407
320 361
320 396
320 461
320 413
320 336
320 468
321 353
321 500
321 388
321 477
321 346
322 403
322 470
322 340
322 478
322 409
322 465
322 455
322 367
322 488
322 426
322 385
322 343
323 484
323 436
323 496
323 424
323 415
323 373
323 432
323 466
323 382
323 439
323 405
324 375
324 399
324 391
324 472
324 490
324 499
324 412
324 377
324 444
324 434
324 498
325 475
325 422
325 393
325 493
325 410
325 421
325 420
325 330
325 326
325 351
325 334
325 383
325 418
325 476
325 369
325 361
325 396
325 461
325 413
325 336
325 468
326 475
326 429
326 357
326 393
326 421
326 420
326 344
326 352
326 334
326 485
326 387
326 425
326 476
326 369
326 483
326 363
326 407
326 361
327 449
327 372
327 492
327 435
327 368
327 489
327 390
327 441
327 364
327 467
327 338
327 486
327 451
327 349
327 359
327 378
327 454
327 448
327 430
327 348
327 332
327 395
328 425
328 476
328 369
328 483
328 363
328 407
328 361
328 396
328 461
328 413
328 336
328 468
328 411
328 479
328 390
328 463
328 450
328 364
328 394
328 337
328 451
328 378
328 442
328 454
328 487
328 403
328 470
328 340
329 500
329 402
329 388
329 477
329 350
329 346
329 480
329 464
329 356
329 428
329 354
329 422
329 493
329 410
329 380
330 428
330 354
330 475
330 422
330 393
330 493
330 410
330 380
330 421
330 420
330 351
330 334
330 383
330 418
330 476
331 400
331 459
331 484
331 436
331 496
332 338
332 451
332 349
332 359
332 378
332 442
332 454
332 487
332 340
332 423
332 348
332 358
332 347
332 457
332 395
333 482
333 370
333 419
333 473
333 371
333 474
333 440
333 417
333 400
333 398
333 462
333 494
333 447
333 341
333 484
334 475
334 393
334 493
334 410
334 421
334 420
334 352
334 351
334 418
334 425
334 476
334 369
334 407
334 361
334 396
334 461
334 413
334 336
334 468
335 384
335 469
335 366
335 460
335 414
335 438
335 497
335 475
335 429
335 357
335 393
335 421
335 344
335 352
336 418
336 425
336 476
336 369
336 483
336 363
336 407
336 361
336 396
336 461
336 413
336 468
336 411
336 479
336 390
336 463
336 450
336 364
336 394
336 451
336 378
336 442
336 487
336 403
337 396
337 413
337 468
337 463
337 450
337 394
337 443
337 362
337 397
337 408
337 403
337 470
337 478
337 409
337 465
337 455
337 367
337 488
337 426
338 449
338 372
338 492
338 435
338 483
338 368
338 489
338 390
338 441
338 364
338 467
338 486
338 451
338 349
338 359
338 378
338 454
338 487
338 348
339 374
339 424
339 345
339 373
339 486
339 432
339 466
339 382
339 439
339 446
339 448
339 405
339 430
339 471
339 404
339 456
339 452
340 479
340 390
340 364
340 451
340 349
340 378
340 442
340 454
340 487
340 403
340 470
340 423
340 348
340 358
340 347
340 457
340 343
341 440
341 429
341 401
341 462
341 344
341 494
341 376
341 491
341 485
341 447
341 387
341 437
341 449
341 372
341 492
341 435
341 368
342 431
342 375
342 472
342 444
342 445
342 392
342 355
342 365
342 381
342 495
342 386
342 482
343 403
343 470
343 423
343 478
343 358
343 409
343 465
343 455
343 367
343 488
343 347
343 457
343 385
344 438
344 416
344 371
344 453
344 440
344 429
344 357
344 401
344 462
344 494
344 352
344 376
344 491
344 485
344 387
344 437
344 425
345 374
345 441
345 424
345 467
345 373
345 486
345 432
345 466
345 382
345 439
345 446
345 448
345 430
345 471
345 404
345 456
346 500
346 388
346 477
346 350
346 464
346 356
346 428
346 354
346 422
346 410
346 380
347 451
347 349
347 378
347 442
347 454
347 487
347 403
347 423
347 348
347 358
347 457
347 395
348 364
348 451
348 349
348 359
348 378
348 442
348 454
348 487
348 423
348 358
348 457
348 395
349 372
349 492
349 435
349 483
349 368
349 363
349 407
349 489
349 411
349 479
349 390
349 441
349 364
349 467
349 451
349 359
349 378
349 442
349 454
349 487
349 423
349 358
349 395
350 353
350 500
350 389
350 402
350 388
350 481
350 477
350 480
350 464
350 356
350 428
350 354
350 475
350 422
350 493
350 410
350 380
351 354
351 475
351 422
351 393
351 493
351 410
351 380
351 421
351 420
351 383
351 418
351 476
352 429
352 357
352 393
352 421
352 491
352 485
352 387
352 437
352 425
352 369
352 483
352 363
352 407
352 361
353 433
353 500
353 389
353 402
353 388
353 481
353 477
354 477
354 480
354 464
354 356
354 428
354 475
354 422
354 393
354 493
354 410
354 380
354 421
354 420
354 383
355 431
355 472
355 445
355 392
355 365
355 381
355 495
355 386
355 482
355 379
355 360
355 458
355 406
355 419
356 500
356 389
356 402
356 481
356 477
356 460
356 480
356 464
356 428
356 475
356 422
356 393
356 493
356 410
356 421
356 420
357 460
357 414
357 438
357 497
357 475
357 429
357 393
357 401
357 421
357 491
357 485
357 387
358 364
358 451
358 378
358 442
358 454
358 487
358 403
358 470
358 423
358 457
358 395
359 449
359 372
359 492
359 435
359 368
359 489
359 441
359 364
359 467
359 486
359 451
359 378
359 454
359 448
359 430
359 395
360 445
360 392
360 365
360 381
360 495
360 386
360 482
360 379
360 458
360 370
360 406
360 419
360 473
360 474
360 417
360 400
360 398
361 387
361 418
361 425
361 476
361 369
361 483
361 363
361 407
361 396
361 461
361 413
361 468
361 489
361 411
361 479
361 390
361 463
361 364
361 394
361 451
361 378
361 442
361 487
361 403
362 413
362 450
362 394
362 443
362 397
362 408
362 478
363 485
363 387
363 425
363 476
363 369
363 372
363 435
363 483
363 407
363 396
363 461
363 468
363 489
363 411
363 479
363 390
363 463
363 364
363 451
363 378
363 442
363 454
363 487
364 425
364 369
364 372
364 492
364 435
364 483
364 368
364 407
364 489
364 411
364 479
364 390
364 441
364 467
364 451
364 378
364 442
364 454
364 487
364 403
364 423
365 431
365 472
365 445
365 392
365 381
365 495
365 386
365 482
365 379
365 458
365 406
365 419
366 399
366 391
366 490
366 499
366 412
366 377
366 384
366 469
366 434
366 460
366 427
366 414
366 438
366 497
366 416
367 408
367 403
367 470
367 478
367 409
367 465
367 455
367 488
367 426
367 385
368 494
368 376
368 491
368 485
368 447
368 437
368 449
368 372
368 492
368 435
368 489
368 374
368 441
368 467
368 486
369 418
369 425
369 476
369 483
369 407
369 396
369 461
369 413
369 468
369 489
369 411
369 479
369 390
369 463
369 394
370 444
370 392
370 386
370 434
370 498
370 427
370 482
370 379
370 458
370 406
370 419
370 416
370 473
370 371
370 453
370 474
370 440
370 417
370 400
370 398
370 462
371 434
371 498
371 427
371 416
371 473
371 453
371 440
371 417
371 429
371 401
371 462
371 494
372 494
372 376
372 491
372 485
372 387
372 437
372 425
372 449
372 492
372 435
372 483
372 489
372 390
372 441
372 467
373 496
373 374
373 424
373 415
373 486
373 432
373 466
373 382
373 439
373 446
373 448
373 405
373 471
373 404
373 452
374 449
374 441
374 424
374 467
374 486
374 432
374 382
374 439
374 446
374 448
374 430
374 456
375 431
375 472
375 444
375 445
375 392
375 386
376 440
376 429
376 401
376 462
376 494
376 491
376 485
376 447
376 387
376 437
376 425
376 449
376 492
376 435
377 399
377 391
377 490
377 499
377 412
377 384
377 469
377 460
377 414
378 483
378 407
378 489
378 411
378 479
378 390
378 463
378 451
378 442
378 454
378 487
378 403
378 470
378 423
378 457
379 445
379 392
379 381
379 495
379 386
379 482
379 458
379 406
379 419
379 473
379 474
379 417
379 400
379 398
380 464
380 428
380 422
380 493
380 410
380 420
380 383
381 431
381 445
381 392
381 495
381 386
381 482
381 458
381 406
381 419
382 424
382 415
382 486
382 432
382 466
382 439
382 446
382 448
382 405
382 430
382 471
382 404
382 456
382 452
383 422
383 493
383 410
383 420
383 418
383 476
384 399
384 391
384 490
384 499
384 433
384 412
384 389
384 402
384 469
384 481
384 460
384 414
384 438
384 497
385 403
385 470
385 478
385 409
385 465
385 455
385 488
385 426
386 431
386 472
386 444
386 445
386 392
386 495
386 434
386 498
386 482
386 458
386 406
386 419
386 473
387 429
387 401
387 494
387 491
387 485
387 437
387 425
387 492
387 435
387 483
387 407
387 489
388 500
388 402
388 477
388 464
388 428
389 433
389 500
389 402
389 469
389 481
389 477
389 460
389 480
389 464
390 425
390 492
390 435
390 483
390 407
390 461
390 468
390 489
390 411
390 479
390 463
390 451
390 442
390 454
390 487
390 403
391 399
391 490
391 499
391 412
391 469
392 431
392 472
392 444
392 445
392 495
392 498
392 482
392 458
392 419
393 460
393 480
393 464
393 497
393 475
393 422
393 493
393 410
393 421
393 420
394 476
394 396
394 461
394 413
394 468
394 479
394 463
394 450
394 443
394 397
394 442
394 408
394 403
394 470
394 478
394 409
395 454
395 430
395 423
395 457
396 418
396 476
396 407
396 461
396 413
396 468
396 411
396 479
396 463
396 450
396 443
397 413
397 450
397 443
397 408
397 470
397 478
397 409
397 465
397 455
397 488
397 426
398 482
398 458
398 406
398 419
398 473
398 474
398 417
398 400
398 462
398 459
398 447
398 484
399 490
399 499
399 412
399 444
399 469
400 482
400 458
400 406
400 419
400 473
400 474
400 417
400 459
400 447
400 484
401 434
401 498
401 427
401 438
401 416
401 453
401 440
401 429
401 462
401 494
401 491
401 485
401 447
401 437
402 433
402 500
402 481
402 477
402 460
402 480
402 464
402 428
403 461
403 468
403 411
403 479
403 463
403 451
403 442
403 454
403 487
403 470
403 423
403 478
403 409
403 465
403 457
404 424
404 432
404 466
404 439
404 446
404 448
404 405
404 430
404 471
404 456
404 452
405 424
405 415
405 432
405 466
405 439
405 446
405 471
405 452
406 495
406 482
406 458
406 419
406 473
406 474
406 417
407 425
407 476
407 483
407 461
407 413
407 468
407 489
407 411
407 479
407 463
407 451
407 442
407 487
408 450
408 443
408 478
408 409
408 465
408 455
408 488
408 426
409 470
409 478
409 465
409 455
409 488
409 426
410 480
410 464
410 428
410 475
410 422
410 493
410 421
410 420
410 418
411 425
411 476
411 483
411 461
411 413
411 468
411 489
411 479
411 463
411 451
411 442
411 454
411 487
412 490
412 499
412 469
412 434
412 427
412 414
413 418
413 476
413 461
413 468
413 479
413 463
413 450
413 443
414 499
414 469
414 481
414 460
414 438
414 497
414 429
415 436
415 496
415 424
415 432
415 466
415 439
416 434
416 498
416 427
416 438
416 473
416 453
416 440
416 417
416 429
416 462
416 494
417 482
417 458
417 419
417 473
417 453
417 474
417 440
417 462
417 494
417 447
418 493
418 421
418 420
418 476
418 461
418 468
418 463
418 450
419 445
419 495
419 482
419 458
419 473
419 474
420 480
420 464
420 428
420 475
420 422
420 493
420 421
420 476
421 460
421 480
421 464
421 497
421 475
421 493
422 477
422 480
422 464
422 428
422 475
422 493
423 451
423 442
423 454
423 487
423 470
423 457
424 496
424 486
424 432
424 466
424 439
424 446
424 448
424 471
425 491
425 485
425 437
425 492
425 435
425 483
425 461
425 489
425 479
426 478
426 465
426 455
426 488
427 444
427 434
427 498
427 473
427 453
427 440
428 477
428 480
428 464
428 475
428 493
429 438
429 497
429 453
429 440
429 462
429 494
429 491
429 485
429 437
430 441
430 467
430 486
430 439
430 446
430 448
430 471
430 456
430 452
431 472
431 444
431 445
431 495
432 496
432 466
432 439
432 446
432 471
432 452
433 500
433 481
433 477
433 460
434 444
434 498
434 482
434 473
434 453
434 440
435 494
435 491
435 485
435 437
435 449
435 492
435 483
435 489
435 441
435 467
435 486
436 459
436 484
436 496
437 462
437 494
437 491
437 485
437 447
437 449
437 492
437 483
437 489
438 469
438 460
438 497
439 486
439 466
439 446
439 448
439 471
439 456
439 452
440 498
440 473
440 453
440 462
440 494
440 491
440 485
440 447
441 449
441 492
441 489
441 467
441 486
441 448
442 461
442 468
442 479
442 463
442 451
442 454
442 487
442 470
442 457
443 468
443 463
443 450
443 478
444 472
444 445
444 498
444 482
445 472
445 495
445 482
445 458
446 486
446 466
446 448
446 471
446 456
446 452
447 462
447 494
447 449
448 467
448 486
448 471
448 456
448 452
449 494
449 491
449 485
449 492
449 489
449 467
449 486
450 476
450 461
450 468
450 463
450 470
450 478
451 483
451 461
451 489
451 479
451 463
451 454
451 487
451 470
451 457
452 466
452 471
452 456
453 498
453 473
453 462
453 494
454 483
454 489
454 479
454 467
454 487
454 457
455 470
455 478
455 465
455 488
456 486
456 471
457 487
458 495
458 482
458 473
458 474
459 484
459 496
460 469
460 481
460 480
460 464
460 497
460 475
461 476
461 483
461 468
461 479
461 463
462 473
462 494
462 491
462 485
463 476
463 483
463 468
463 479
463 487
463 470
464 500
464 481
464 477
464 480
464 475
464 493
465 470
465 478
465 488
466 471
467 492
467 489
467 486
468 476
468 483
468 479
469 490
469 499
469 481
469 497
470 487
470 478
470 488
472 495
473 498
473 482
473 474
474 495
474 482
475 480
475 497
475 493
476 479
477 500
477 481
477 480
477 493
478 488
479 483
479 489
479 487
480 500
480 481
480 497
480 493
481 500
481 497
482 495
482 498
483 491
483 485
483 492
483 489
484 496
485 494
485 491
485 492
485 489
486 492
487 489
489 491
489 492
490 499
491 494
491 492
492 494
